inference_times:
  lb_ci: 9.55068426083299
  max: 12.442481994628906
  mean: 10.055525779724121
  median: 9.318319320678711
  min: 8.303421974182129
  std: 1.4108067750930786
  ub_ci: 10.560367298615253
total_profit:
  lb_ci: 1019.1646753518264
  max: 1338.8875732421875
  mean: 1060.173583984375
  median: 1054.59033203125
  min: 801.1290893554688
  std: 114.60160064697266
  ub_ci: 1101.1824926169236
total_violations:
  lb_ci: 29.1983663625425
  max: 85.82242584228516
  mean: 36.66835403442383
  median: 31.9797306060791
  min: 10.907876968383789
  std: 20.875282287597656
  ub_ci: 44.138341706305155
