feasible_instance:
  lb_ci: 0.0
  max: 0.0
  mean: 0.0
  median: 0.0
  min: 0.0
  std: 0.0
  ub_ci: 0.0
inference_times:
  lb_ci: 10.8846783665203
  max: 15.499472618103027
  mean: 11.896185874938965
  median: 9.83117961883545
  min: 8.860570907592773
  std: 2.826712131500244
  ub_ci: 12.90769338335763
total_profit:
  lb_ci: 1004.5500010222701
  max: 1229.90478515625
  mean: 1036.50439453125
  median: 1022.2879028320312
  min: 892.8175048828125
  std: 89.29827117919922
  ub_ci: 1068.4587880402298
total_violations:
  lb_ci: 32.841321870632456
  max: 101.69448852539062
  mean: 40.429962158203125
  median: 33.06069564819336
  min: 14.203752517700195
  std: 21.206863403320312
  ub_ci: 48.018602445773794
