feasible_instance:
  lb_ci: 0.0
  max: 0.0
  mean: 0.0
  median: 0.0
  min: 0.0
  std: 0.0
  ub_ci: 0.0
inference_times:
  lb_ci: 8.485929074713427
  max: 8.671944618225098
  mean: 8.511775970458984
  median: 8.51698112487793
  min: 8.390122413635254
  std: 0.07223054021596909
  ub_ci: 8.537622866204542
total_profit:
  lb_ci: 1004.5500010222701
  max: 1229.90478515625
  mean: 1036.50439453125
  median: 1022.2879028320312
  min: 892.8175048828125
  std: 89.29827117919922
  ub_ci: 1068.4587880402298
total_violations:
  lb_ci: 32.82853979005801
  max: 101.64663696289062
  mean: 40.41619110107422
  median: 33.06069564819336
  min: 14.203752517700195
  std: 21.204099655151367
  ub_ci: 48.00384241209043
