feasible_instance:
  lb_ci: 1.0
  max: 1.0
  mean: 1.0
  median: 1.0
  min: 1.0
  std: 0.0
  ub_ci: 1.0
inference_times:
  lb_ci: 11.556475335422677
  max: 20.02892303466797
  mean: 12.71664047241211
  median: 12.44473934173584
  min: 8.571954727172852
  std: 3.2421438694000244
  ub_ci: 13.876805609401542
total_profit:
  lb_ci: 1024.9266374368221
  max: 1342.71875
  mean: 1065.8017578125
  median: 1055.0909423828125
  min: 803.4100341796875
  std: 114.22772216796875
  ub_ci: 1106.6768781881779
total_violations:
  lb_ci: 6.131530445537847e-07
  max: 3.814697265625e-06
  mean: 9.377798164678097e-07
  median: 7.152557373046875e-07
  min: 0.0
  std: 9.071869726540172e-07
  ub_ci: 1.2624065883818348e-06
