feasible_instance:
  lb_ci: 0.0
  max: 0.0
  mean: 0.0
  median: 0.0
  min: 0.0
  std: 0.0
  ub_ci: 0.0
inference_times:
  lb_ci: 8.48265178331925
  max: 8.659615516662598
  mean: 8.505902290344238
  median: 8.491701126098633
  min: 8.379280090332031
  std: 0.06497479230165482
  ub_ci: 8.529152797369226
total_profit:
  lb_ci: 1019.1646753518264
  max: 1338.8875732421875
  mean: 1060.173583984375
  median: 1054.59033203125
  min: 801.1290893554688
  std: 114.60160064697266
  ub_ci: 1101.1824926169236
total_violations:
  lb_ci: 29.185357791996704
  max: 85.77407836914062
  mean: 36.65578842163086
  median: 31.9797306060791
  min: 10.85810375213623
  std: 20.87652015686035
  ub_ci: 44.12621905126501
