feasible_instance:
  lb_ci: 0.0
  max: 0.0
  mean: 0.0
  median: 0.0
  min: 0.0
  std: 0.0
  ub_ci: 0.0
inference_times:
  lb_ci: 11.271245342761954
  max: 18.10658073425293
  mean: 12.377846717834473
  median: 11.15601634979248
  min: 8.54373836517334
  std: 3.0924570560455322
  ub_ci: 13.484448092906991
total_profit:
  lb_ci: 1063.171752762755
  max: 1365.35791015625
  mean: 1102.4656982421875
  median: 1100.3095703125
  min: 818.0505981445312
  std: 109.80904388427734
  ub_ci: 1141.75964372162
total_violations:
  lb_ci: 29.1983663625425
  max: 85.82242584228516
  mean: 36.66835403442383
  median: 31.9797306060791
  min: 10.907876968383789
  std: 20.875282287597656
  ub_ci: 44.138341706305155
