feasible_instance:
  lb_ci: 0.0
  max: 0.0
  mean: 0.0
  median: 0.0
  min: 0.0
  std: 0.0
  ub_ci: 0.0
inference_times:
  lb_ci: 12.560208505124839
  max: 19.228052139282227
  mean: 13.821002006530762
  median: 11.632612228393555
  min: 9.466665267944336
  std: 3.52335524559021
  ub_ci: 15.081795507936684
total_profit:
  lb_ci: 1103.662446129167
  max: 1328.8045654296875
  mean: 1139.7763671875
  median: 1130.8690185546875
  min: 930.1380615234375
  std: 100.92229461669922
  ub_ci: 1175.890288245833
total_violations:
  lb_ci: 56.12596760230042
  max: 98.8219985961914
  mean: 62.7677116394043
  median: 62.7016487121582
  min: 17.95583724975586
  std: 18.560710906982422
  ub_ci: 69.40945567650817
