|\\\feasible_instance:
  lb_ci: 0.0
  max: 0.0
  mean: 0.0
  median: 0.0
  min: 0.0
  std: 0.0
  ub_ci: 0.0
inference_times:
  lb_ci: 13.199856504737784
  max: 21.372406005859375
  mean: 14.549427032470703
  median: 12.3880033493042
  min: 10.001882553100586
  std: 3.7714474201202393
  ub_ci: 15.898997560203622
total_profit:
  lb_ci: 1023.2504424299261
  max: 1242.26513671875
  mean: 1060.4293212890625
  median: 1047.920166015625
  min: 869.4278564453125
  std: 103.89837646484375
  ub_ci: 1097.6082001481989
total_violations:
  lb_ci: 56.12596760230042
  max: 98.8219985961914
  mean: 62.7677116394043
  median: 62.7016487121582
  min: 17.95583724975586
  std: 18.560710906982422
  ub_ci: 69.40945567650817
