feasible_instance:
  lb_ci: 1.0
  max: 1.0
  mean: 1.0
  median: 1.0
  min: 1.0
  std: 0.0
  ub_ci: 1.0
inference_times:
  lb_ci: 12.78713454549288
  max: 17.796464920043945
  mean: 13.916919708251953
  median: 11.691780090332031
  min: 10.229135513305664
  std: 3.157245397567749
  ub_ci: 15.046704871011027
total_profit:
  lb_ci: 1275.7061182936425
  max: 1553.0257568359375
  mean: 1305.79248046875
  median: 1298.578857421875
  min: 1114.3818359375
  std: 84.07795715332031
  ub_ci: 1335.8788426438575
total_violations:
  lb_ci: 0.7545428458026912
  max: 1.3415606021881104
  mean: 0.8079391121864319
  median: 0.7726316452026367
  min: 0.5342488288879395
  std: 0.14921873807907104
  ub_ci: 0.8613353785701726
