inference_times:
  lb_ci: 11.750914847853714
  max: 15.111976623535156
  mean: 12.549579620361328
  median: 10.564628601074219
  min: 10.10010051727295
  std: 2.2319116592407227
  ub_ci: 13.348244392868942
total_profit:
  lb_ci: 1328.2542764637294
  max: 1535.9677734375
  mean: 1357.22509765625
  median: 1351.774658203125
  min: 1214.469970703125
  std: 80.96051788330078
  ub_ci: 1386.1959188487706
total_violations:
  lb_ci: 0.9058531812636084
  max: 1.2883846759796143
  mean: 0.963529109954834
  median: 0.9390324354171753
  min: 0.6981922388076782
  std: 0.16117848455905914
  ub_ci: 1.0212050386460596
