feasible_instance:
  lb_ci: 0.0
  max: 0.0
  mean: 0.0
  median: 0.0
  min: 0.0
  std: 0.0
  ub_ci: 0.0
inference_times:
  lb_ci: 11.99917942882346
  max: 18.207794189453125
  mean: 13.198081016540527
  median: 11.110254287719727
  min: 9.512651443481445
  std: 3.3503949642181396
  ub_ci: 14.396982604257595
total_profit:
  lb_ci: 2542.1324999926237
  max: 2843.873779296875
  mean: 2593.29345703125
  median: 2578.18408203125
  min: 2293.397216796875
  std: 142.9720458984375
  ub_ci: 2644.4544140698763
total_violations:
  lb_ci: 3346.793866518203
  max: 3611.146728515625
  mean: 3381.592529296875
  median: 3356.93408203125
  min: 3169.91357421875
  std: 97.24673461914062
  ub_ci: 3416.391192075547
