feasible_instance:
  lb_ci: 0.0
  max: 0.0
  mean: 0.0
  median: 0.0
  min: 0.0
  std: 0.0
  ub_ci: 0.0
inference_times:
  lb_ci: 12.41292234551528
  max: 17.65532875061035
  mean: 13.539233207702637
  median: 11.07501220703125
  min: 10.113645553588867
  std: 3.147536277770996
  ub_ci: 14.665544069889993
total_profit:
  lb_ci: 645.276878266187
  max: 1268.5836181640625
  mean: 740.0059204101562
  median: 695.3482666015625
  min: 202.62924194335938
  std: 264.72540283203125
  ub_ci: 834.7349625541254
total_violations:
  lb_ci: 3346.793866518203
  max: 3611.146728515625
  mean: 3381.592529296875
  median: 3356.93408203125
  min: 3169.91357421875
  std: 97.24673461914062
  ub_ci: 3416.391192075547
