inference_times:
  lb_ci: 11.953959012503613
  max: 16.754657745361328
  mean: 12.942516326904297
  median: 11.338766098022461
  min: 9.902719497680664
  std: 2.7625765800476074
  ub_ci: 13.93107364130498
total_profit:
  lb_ci: 1326.3465703774516
  max: 1670.199951171875
  mean: 1378.033447265625
  median: 1358.0234375
  min: 1132.1875
  std: 144.44175720214844
  ub_ci: 1429.7203241537984
total_violations:
  lb_ci: 6.689847187558309e-05
  max: 0.0024390220642089844
  mean: 0.0002177119313273579
  median: 0.00013530254364013672
  min: 7.390975952148438e-05
  std: 0.0004214563232380897
  ub_ci: 0.00036852539077913266
