feasible_instance:
  lb_ci: 1.0
  max: 1.0
  mean: 1.0
  median: 1.0
  min: 1.0
  std: 0.0
  ub_ci: 1.0
inference_times:
  lb_ci: 10.080221577692866
  max: 10.396896362304688
  mean: 10.130952835083008
  median: 10.119941711425781
  min: 9.904391288757324
  std: 0.14177122712135315
  ub_ci: 10.18168409247315
total_profit:
  lb_ci: 1308.5588043001694
  max: 1533.617919921875
  mean: 1344.10498046875
  median: 1332.36279296875
  min: 1149.5821533203125
  std: 99.33570098876953
  ub_ci: 1379.6511566373306
total_violations:
  lb_ci: 0.0001404953848856911
  max: 0.00019407272338867188
  mean: 0.00015081168385222554
  median: 0.00014972686767578125
  min: 0.00010204315185546875
  std: 2.8829452276113443e-05
  ub_ci: 0.00016112798281875997
