feasible_instance:
  lb_ci: 1.0
  max: 1.0
  mean: 1.0
  median: 1.0
  min: 1.0
  std: 0.0
  ub_ci: 1.0
inference_times:
  lb_ci: 9.916112006377846
  max: 10.155108451843262
  mean: 9.956293106079102
  median: 9.928812980651855
  min: 9.719449996948242
  std: 0.11228824406862259
  ub_ci: 9.996474205780357
total_profit:
  lb_ci: 1303.331373709479
  max: 1503.852294921875
  mean: 1339.7813720703125
  median: 1354.730224609375
  min: 1114.55029296875
  std: 101.86148071289062
  ub_ci: 1376.231370431146
total_violations:
  lb_ci: 0.00012905554817582493
  max: 0.00023353099822998047
  mean: 0.00014351209392771125
  median: 0.00014722347259521484
  min: 7.2479248046875e-05
  std: 4.039959458168596e-05
  ub_ci: 0.00015796863967959757
