feasible_instance:
  lb_ci: 1.0
  max: 1.0
  mean: 1.0
  median: 1.0
  min: 1.0
  std: 0.0
  ub_ci: 1.0
inference_times:
  lb_ci: 10.139326302692904
  max: 10.420025825500488
  mean: 10.171232223510742
  median: 10.16691780090332
  min: 10.004063606262207
  std: 0.08916281163692474
  ub_ci: 10.20313814432858
total_profit:
  lb_ci: 1308.5588043001694
  max: 1533.617919921875
  mean: 1344.10498046875
  median: 1332.36279296875
  min: 1149.5821533203125
  std: 99.33570098876953
  ub_ci: 1379.6511566373306
total_violations:
  lb_ci: 0.0
  max: 0.0
  mean: 0.0
  median: 0.0
  min: 0.0
  std: 0.0
  ub_ci: 0.0
