feasible_instance:
  lb_ci: 1.0
  max: 1.0
  mean: 1.0
  median: 1.0
  min: 1.0
  std: 0.0
  ub_ci: 1.0
inference_times:
  lb_ci: 9.938251855785339
  max: 10.429035186767578
  mean: 10.009941101074219
  median: 10.008609771728516
  min: 9.708918571472168
  std: 0.2003394514322281
  ub_ci: 10.081630346363099
total_profit:
  lb_ci: 1305.3184534796803
  max: 1517.3271484375
  mean: 1339.6236572265625
  median: 1339.549560546875
  min: 1132.919189453125
  std: 95.86773681640625
  ub_ci: 1373.9288609734447
total_violations:
  lb_ci: -0.009681841040649897
  max: 0.3071904182434082
  mean: 0.010378209874033928
  median: 0.00014853477478027344
  min: 7.724761962890625e-05
  std: 0.056058891117572784
  ub_ci: 0.030438260788717753
