feasible_instance:
  lb_ci: 1.0
  max: 1.0
  mean: 1.0
  median: 1.0
  min: 1.0
  std: 0.0
  ub_ci: 1.0
inference_times:
  lb_ci: 10.175933374286894
  max: 10.428309440612793
  mean: 10.219059944152832
  median: 10.222620010375977
  min: 9.97007942199707
  std: 0.12051951885223389
  ub_ci: 10.26218651401877
total_profit:
  lb_ci: 1326.3465703774516
  max: 1670.199951171875
  mean: 1378.033447265625
  median: 1358.0234375
  min: 1132.1875
  std: 144.44175720214844
  ub_ci: 1429.7203241537984
total_violations:
  lb_ci: 0.0
  max: 0.0
  mean: 0.0
  median: 0.0
  min: 0.0
  std: 0.0
  ub_ci: 0.0
