feasible_instance:
  lb_ci: 1.0
  max: 1.0
  mean: 1.0
  median: 1.0
  min: 1.0
  std: 0.0
  ub_ci: 1.0
inference_times:
  lb_ci: 10.096660321754305
  max: 10.641569137573242
  mean: 10.161965370178223
  median: 10.11207389831543
  min: 9.874861717224121
  std: 0.18249846994876862
  ub_ci: 10.22727041860214
total_profit:
  lb_ci: 1324.4854027980161
  max: 1558.393798828125
  mean: 1365.2745361328125
  median: 1358.2525634765625
  min: 1176.058349609375
  std: 113.9874267578125
  ub_ci: 1406.0636694676089
total_violations:
  lb_ci: -0.0030466446945065897
  max: 0.09976661205291748
  mean: 0.0034621120430529118
  median: 0.0001373291015625
  min: 5.435943603515625e-05
  std: 0.018189070746302605
  ub_ci: 0.009970868780612412
