feasible_instance:
  lb_ci: 1.0
  max: 1.0
  mean: 1.0
  median: 1.0
  min: 1.0
  std: 0.0
  ub_ci: 1.0
inference_times:
  lb_ci: 10.530187365873232
  max: 10.897933006286621
  mean: 10.588696479797363
  median: 10.613637924194336
  min: 10.29349422454834
  std: 0.1635068655014038
  ub_ci: 10.647205593721495
total_profit:
  lb_ci: 1366.9316281519023
  max: 1621.616943359375
  mean: 1412.521484375
  median: 1429.0146484375
  min: 1175.6949462890625
  std: 127.40330505371094
  ub_ci: 1458.1113405980977
total_violations:
  lb_ci: -0.017252262875567782
  max: 0.8003553748130798
  mean: 0.03640955314040184
  median: 0.000141143798828125
  min: 7.05718994140625e-05
  std: 0.14996083080768585
  ub_ci: 0.09007136915637146
