feasible_instance:
  lb_ci: 1.0
  max: 1.0
  mean: 1.0
  median: 1.0
  min: 1.0
  std: 0.0
  ub_ci: 1.0
inference_times:
  lb_ci: 11.648569480534093
  max: 15.193938255310059
  mean: 12.532732009887695
  median: 10.428447723388672
  min: 9.799517631530762
  std: 2.470839738845825
  ub_ci: 13.416894539241298
total_profit:
  lb_ci: 1326.3465703774516
  max: 1670.199951171875
  mean: 1378.033447265625
  median: 1358.0234375
  min: 1132.1875
  std: 144.44175720214844
  ub_ci: 1429.7203241537984
total_violations:
  lb_ci: 6.689847187558309e-05
  max: 0.0024390220642089844
  mean: 0.0002177119313273579
  median: 0.00013530254364013672
  min: 7.390975952148438e-05
  std: 0.0004214563232380897
  ub_ci: 0.00036852539077913266
