feasible_instance:
  lb_ci: 1.0
  max: 1.0
  mean: 1.0
  median: 1.0
  min: 1.0
  std: 0.0
  ub_ci: 1.0
inference_times:
  lb_ci: 11.46920011425876
  max: 16.094661712646484
  mean: 12.443710327148438
  median: 10.956917762756348
  min: 8.751782417297363
  std: 2.7233211994171143
  ub_ci: 13.418220540038115
total_profit:
  lb_ci: 1039.1825278014248
  max: 1264.9427490234375
  mean: 1066.690673828125
  median: 1059.8447265625
  min: 952.5706787109375
  std: 76.87299346923828
  ub_ci: 1094.1988198548252
total_violations:
  lb_ci: 9.85123663761736e-06
  max: 2.205371856689453e-05
  mean: 1.1018912118743174e-05
  median: 1.0609626770019531e-05
  min: 6.67572021484375e-06
  std: 3.2631319299980532e-06
  ub_ci: 1.2186587599868988e-05
