feasible_instance:
  lb_ci: 0.0
  max: 0.0
  mean: 0.0
  median: 0.0
  min: 0.0
  std: 0.0
  ub_ci: 0.0
inference_times:
  lb_ci: 13.904208194138926
  max: 20.345121383666992
  mean: 15.352359771728516
  median: 12.249418258666992
  min: 9.193193435668945
  std: 4.046937465667725
  ub_ci: 16.800511349318107
total_profit:
  lb_ci: 1172.9501602309867
  max: 1430.341064453125
  mean: 1211.8712158203125
  median: 1220.2298583984375
  min: 959.8547973632812
  std: 108.76698303222656
  ub_ci: 1250.7922714096383
total_violations:
  lb_ci: 47.842339593781375
  max: 117.8303451538086
  mean: 57.75373840332031
  median: 50.943817138671875
  min: 17.040851593017578
  std: 27.69793701171875
  ub_ci: 67.66513721285925
