feasible_instance:
  lb_ci: 1.0
  max: 1.0
  mean: 1.0
  median: 1.0
  min: 1.0
  std: 0.0
  ub_ci: 1.0
inference_times:
  lb_ci: 10.126142585982594
  max: 10.456757545471191
  mean: 10.1625394821167
  median: 10.146871566772461
  min: 9.982888221740723
  std: 0.10171308368444443
  ub_ci: 10.198936378250805
total_profit:
  lb_ci: 1321.054787245327
  max: 1562.9996337890625
  mean: 1347.3399658203125
  median: 1345.12451171875
  min: 1173.435302734375
  std: 73.4553451538086
  ub_ci: 1373.625144395298
total_violations:
  lb_ci: 0.0
  max: 0.0
  mean: 0.0
  median: 0.0
  min: 0.0
  std: 0.0
  ub_ci: 0.0
