feasible_instance:
  lb_ci: 1.0
  max: 1.0
  mean: 1.0
  median: 1.0
  min: 1.0
  std: 0.0
  ub_ci: 1.0
inference_times:
  lb_ci: 10.027498533959417
  max: 10.309948921203613
  mean: 10.060763359069824
  median: 10.048004150390625
  min: 9.910893440246582
  std: 0.09296034276485443
  ub_ci: 10.094028184180232
total_profit:
  lb_ci: 1341.6268471229162
  max: 1603.4248046875
  mean: 1375.48046875
  median: 1370.4444580078125
  min: 1201.2081298828125
  std: 94.60576629638672
  ub_ci: 1409.3340903770838
total_violations:
  lb_ci: 0.0
  max: 0.0
  mean: 0.0
  median: 0.0
  min: 0.0
  std: 0.0
  ub_ci: 0.0
