inference_times:
  lb_ci: 10.455282938013442
  max: 12.771023750305176
  mean: 10.954219818115234
  median: 9.64293384552002
  min: 9.496191024780273
  std: 1.394305944442749
  ub_ci: 11.453156698217027
total_profit:
  lb_ci: 1329.0367825622147
  max: 1579.9600830078125
  mean: 1355.9427490234375
  median: 1355.10498046875
  min: 1173.435302734375
  std: 75.19017028808594
  ub_ci: 1382.8487154846603
total_violations:
  lb_ci: 4.908548496981896
  max: 14.81450080871582
  mean: 6.104530334472656
  median: 5.517933368682861
  min: 7.867813110351562e-06
  std: 3.342235565185547
  ub_ci: 7.300512171963416
