feasible_instance:
  lb_ci: 1.0
  max: 1.0
  mean: 1.0
  median: 1.0
  min: 1.0
  std: 0.0
  ub_ci: 1.0
inference_times:
  lb_ci: 12.337190546391058
  max: 17.225507736206055
  mean: 13.385041236877441
  median: 11.094985008239746
  min: 10.18161392211914
  std: 2.9282751083374023
  ub_ci: 14.432891927363825
total_profit:
  lb_ci: 1341.6268471229162
  max: 1603.4248046875
  mean: 1375.48046875
  median: 1370.4444580078125
  min: 1201.2081298828125
  std: 94.60576629638672
  ub_ci: 1409.3340903770838
total_violations:
  lb_ci: 2.4054713857794373e-05
  max: 5.626678466796875e-05
  mean: 2.7767819119617343e-05
  median: 2.6941299438476562e-05
  min: 1.0371208190917969e-05
  std: 1.037647234625183e-05
  ub_ci: 3.148092438144031e-05
