inference_times:
  lb_ci: 11.552648494681284
  max: 15.916168212890625
  mean: 12.579802513122559
  median: 9.95440673828125
  min: 9.54071044921875
  std: 2.8704371452331543
  ub_ci: 13.606956531563833
total_profit:
  lb_ci: 1351.2686376764818
  max: 1623.6962890625
  mean: 1385.934814453125
  median: 1373.7982177734375
  min: 1217.1112060546875
  std: 96.87649536132812
  ub_ci: 1420.6009912297682
total_violations:
  lb_ci: 6.351090709787998
  max: 18.389122009277344
  mean: 7.890353202819824
  median: 7.6186017990112305
  min: 1.0728836059570312e-05
  std: 4.301551818847656
  ub_ci: 9.42961569585165
