feasible_instance:
  lb_ci: 1.0
  max: 1.0
  mean: 1.0
  median: 1.0
  min: 1.0
  std: 0.0
  ub_ci: 1.0
inference_times:
  lb_ci: 12.438491697880117
  max: 18.32700538635254
  mean: 13.585728645324707
  median: 11.189142227172852
  min: 10.095703125
  std: 3.2060153484344482
  ub_ci: 14.732965592769297
total_profit:
  lb_ci: 1321.054787245327
  max: 1562.9996337890625
  mean: 1347.3399658203125
  median: 1345.12451171875
  min: 1173.435302734375
  std: 73.4553451538086
  ub_ci: 1373.625144395298
total_violations:
  lb_ci: 2.138328799114636e-05
  max: 4.1961669921875e-05
  mean: 2.4441878849756904e-05
  median: 2.3603439331054688e-05
  min: 7.867813110351562e-06
  std: 8.547396646463312e-06
  ub_ci: 2.7500469708367447e-05
