feasible_instance:
  lb_ci: 0.0
  max: 0.0
  mean: 0.0
  median: 0.0
  min: 0.0
  std: 0.0
  ub_ci: 0.0
inference_times:
  lb_ci: 11.44365920052639
  max: 16.45894432067871
  mean: 12.488658905029297
  median: 10.619976997375488
  min: 8.960460662841797
  std: 2.9203078746795654
  ub_ci: 13.533658609532203
total_profit:
  lb_ci: 1403.1988037242354
  max: 1659.3319091796875
  mean: 1444.9244384765625
  median: 1429.58544921875
  min: 1219.04736328125
  std: 116.60453033447266
  ub_ci: 1486.6500732288896
total_violations:
  lb_ci: 92.77560069204266
  max: 247.06842041015625
  mean: 106.34868621826172
  median: 96.06826782226562
  min: 67.35443878173828
  std: 37.93071746826172
  ub_ci: 119.92177174448078
