feasible_instance:
  lb_ci: 1.0
  max: 1.0
  mean: 1.0
  median: 1.0
  min: 1.0
  std: 0.0
  ub_ci: 1.0
inference_times:
  lb_ci: 9.909502287803743
  max: 11.063055038452148
  mean: 10.000810623168945
  median: 9.91723346710205
  min: 9.771271705627441
  std: 0.25516605377197266
  ub_ci: 10.092118958534147
total_profit:
  lb_ci: 1454.6240149131834
  max: 1823.04248046875
  mean: 1496.8475341796875
  median: 1493.8629150390625
  min: 1311.5087890625
  std: 117.99589538574219
  ub_ci: 1539.0710534461916
total_violations:
  lb_ci: 2.0996267188589335e-05
  max: 4.863739013671875e-05
  mean: 2.51491874223575e-05
  median: 2.372264862060547e-05
  min: 4.5299530029296875e-06
  std: 1.1605558938754257e-05
  ub_ci: 2.9302107656125664e-05
