feasible_instance:
  lb_ci: 1.0
  max: 1.0
  mean: 1.0
  median: 1.0
  min: 1.0
  std: 0.0
  ub_ci: 1.0
inference_times:
  lb_ci: 9.903262877778413
  max: 10.130637168884277
  mean: 9.930788040161133
  median: 9.917620658874512
  min: 9.756406784057617
  std: 0.07692054659128189
  ub_ci: 9.958313202543852
total_profit:
  lb_ci: 1441.4299433151148
  max: 1794.33935546875
  mean: 1482.505859375
  median: 1461.2529296875
  min: 1316.877685546875
  std: 114.78885650634766
  ub_ci: 1523.5817754348852
total_violations:
  lb_ci: 2.13280751867164e-05
  max: 8.428096771240234e-05
  mean: 2.6690961021813564e-05
  median: 2.396106719970703e-05
  min: 6.794929504394531e-06
  std: 1.4986872884037439e-05
  ub_ci: 3.205384685691073e-05
