feasible_instance:
  lb_ci: 1.0
  max: 1.0
  mean: 1.0
  median: 1.0
  min: 1.0
  std: 0.0
  ub_ci: 1.0
inference_times:
  lb_ci: 9.892135485925376
  max: 10.359814643859863
  mean: 9.949565887451172
  median: 9.927215576171875
  min: 9.758871078491211
  std: 0.16049234569072723
  ub_ci: 10.006996288976968
total_profit:
  lb_ci: 1459.373630588606
  max: 1680.880615234375
  mean: 1491.0921630859375
  median: 1497.0579833984375
  min: 1294.1434326171875
  std: 88.63914489746094
  ub_ci: 1522.810695583269
total_violations:
  lb_ci: 2.5287772145718397e-05
  max: 6.42538070678711e-05
  mean: 2.9802324206684716e-05
  median: 2.8848648071289062e-05
  min: 1.1205673217773438e-05
  std: 1.2616158528544474e-05
  ub_ci: 3.431687626765104e-05
