feasible_instance:
  lb_ci: 1.0
  max: 1.0
  mean: 1.0
  median: 1.0
  min: 1.0
  std: 0.0
  ub_ci: 1.0
inference_times:
  lb_ci: 9.88712676459069
  max: 10.149072647094727
  mean: 9.921562194824219
  median: 9.919963836669922
  min: 9.704004287719727
  std: 0.09623166173696518
  ub_ci: 9.955997625057748
total_profit:
  lb_ci: 1463.710644445224
  max: 1663.8258056640625
  mean: 1493.98681640625
  median: 1500.585205078125
  min: 1290.285400390625
  std: 84.60839080810547
  ub_ci: 1524.262988367276
total_violations:
  lb_ci: 2.2952089171233927e-05
  max: 5.161762237548828e-05
  mean: 2.656380456755869e-05
  median: 2.5272369384765625e-05
  min: 1.4066696166992188e-05
  std: 1.0093132914335001e-05
  ub_ci: 3.0175519963883454e-05
