feasible_instance:
  lb_ci: 1.0
  max: 1.0
  mean: 1.0
  median: 1.0
  min: 1.0
  std: 0.0
  ub_ci: 1.0
inference_times:
  lb_ci: 9.85408607410111
  max: 10.688133239746094
  mean: 9.939655303955078
  median: 9.845355987548828
  min: 9.682234764099121
  std: 0.23912781476974487
  ub_ci: 10.025224533809046
total_profit:
  lb_ci: 1446.7564963347916
  max: 1753.6810302734375
  mean: 1482.408447265625
  median: 1458.056884765625
  min: 1298.536376953125
  std: 99.63129425048828
  ub_ci: 1518.0603981964584
total_violations:
  lb_ci: 2.034971457005913e-05
  max: 7.140636444091797e-05
  mean: 2.4628639948787168e-05
  median: 2.193450927734375e-05
  min: 1.1205673217773438e-05
  std: 1.195768709294498e-05
  ub_ci: 2.8907565327515205e-05
