feasible_instance:
  lb_ci: 1.0
  max: 1.0
  mean: 1.0
  median: 1.0
  min: 1.0
  std: 0.0
  ub_ci: 1.0
inference_times:
  lb_ci: 13.173905124133107
  max: 18.056482315063477
  mean: 14.185025215148926
  median: 12.944558143615723
  min: 10.65689754486084
  std: 2.825629472732544
  ub_ci: 15.196145306164745
total_profit:
  lb_ci: 1251.2976971862263
  max: 1553.511474609375
  mean: 1288.6878662109375
  median: 1303.71533203125
  min: 1089.570556640625
  std: 104.48883819580078
  ub_ci: 1326.0780352356487
total_violations:
  lb_ci: 0.06945947937430516
  max: 0.7096173763275146
  mean: 0.13337069749832153
  median: 0.06667530536651611
  min: 6.4373016357421875e-06
  std: 0.17860333621501923
  ub_ci: 0.1972819156223379
