feasible_instance:
  lb_ci: 0.0
  max: 0.0
  mean: 0.0
  median: 0.0
  min: 0.0
  std: 0.0
  ub_ci: 0.0
inference_times:
  lb_ci: 11.32663887293209
  max: 16.31233024597168
  mean: 12.382946968078613
  median: 10.448680877685547
  min: 8.61580753326416
  std: 2.9519097805023193
  ub_ci: 13.439255063225136
total_profit:
  lb_ci: 1025.6342609076682
  max: 1293.6728515625
  mean: 1063.2362060546875
  median: 1046.8387451171875
  min: 909.9442138671875
  std: 105.08065795898438
  ub_ci: 1100.8381512017068
total_violations:
  lb_ci: 754.2147886949381
  max: 883.3419189453125
  mean: 776.0635986328125
  median: 783.8674926757812
  min: 660.4823608398438
  std: 61.057674407958984
  ub_ci: 797.9124085706869
