feasible_instance:
  lb_ci: 0.0
  max: 0.0
  mean: 0.0
  median: 0.0
  min: 0.0
  std: 0.0
  ub_ci: 0.0
inference_times:
  lb_ci: 8.42465353983267
  max: 8.695374488830566
  mean: 8.456132888793945
  median: 8.439220428466797
  min: 8.328788757324219
  std: 0.08797073364257812
  ub_ci: 8.48761223775522
total_profit:
  lb_ci: 1025.6342609076682
  max: 1293.6728515625
  mean: 1063.2362060546875
  median: 1046.8387451171875
  min: 909.9442138671875
  std: 105.08065795898438
  ub_ci: 1100.8381512017068
total_violations:
  lb_ci: 754.2132961855261
  max: 883.3419189453125
  mean: 776.0613403320312
  median: 783.8674926757812
  min: 660.4823608398438
  std: 61.05553436279297
  ub_ci: 797.9093844785364
