feasible_instance:
  lb_ci: 0.0
  max: 0.0
  mean: 0.0
  median: 0.0
  min: 0.0
  std: 0.0
  ub_ci: 0.0
inference_times:
  lb_ci: 10.770080768367254
  max: 15.65176010131836
  mean: 11.741832733154297
  median: 10.246015548706055
  min: 8.656655311584473
  std: 2.7156131267547607
  ub_ci: 12.71358469794134
total_profit:
  lb_ci: 1832.6804828052952
  max: 1856.97265625
  mean: 1842.4569091796875
  median: 1856.97265625
  min: 1772.157958984375
  std: 27.320749282836914
  ub_ci: 1852.2333355540798
total_violations:
  lb_ci: 754.2147886949381
  max: 883.3419189453125
  mean: 776.0635986328125
  median: 783.8674926757812
  min: 660.4823608398438
  std: 61.057674407958984
  ub_ci: 797.9124085706869
