inference_times:
  lb_ci: 10.379078241430324
  max: 14.166473388671875
  mean: 11.21221923828125
  median: 9.466410636901855
  min: 8.521146774291992
  std: 2.3282573223114014
  ub_ci: 12.045360235132176
total_profit:
  lb_ci: 972.5653971530628
  max: 1247.12060546875
  mean: 1011.1251220703125
  median: 1004.3448486328125
  min: 689.123291015625
  std: 107.7572250366211
  ub_ci: 1049.6848469875622
total_violations:
  lb_ci: 782.2631206890788
  max: 897.1869506835938
  mean: 799.9044189453125
  median: 798.63525390625
  min: 703.1123046875
  std: 49.299556732177734
  ub_ci: 817.5457172015462
