feasible_instance:
  lb_ci: 0.0
  max: 0.0
  mean: 0.0
  median: 0.0
  min: 0.0
  std: 0.0
  ub_ci: 0.0
inference_times:
  lb_ci: 8.42436495947556
  max: 8.609668731689453
  mean: 8.449541091918945
  median: 8.451218605041504
  min: 8.32933235168457
  std: 0.07035605609416962
  ub_ci: 8.474717224362331
total_profit:
  lb_ci: 972.5653971530628
  max: 1247.12060546875
  mean: 1011.1251220703125
  median: 1004.3448486328125
  min: 689.123291015625
  std: 107.7572250366211
  ub_ci: 1049.6848469875622
total_violations:
  lb_ci: 782.2599314398593
  max: 897.1869506835938
  mean: 799.9017333984375
  median: 798.63525390625
  min: 703.1123046875
  std: 49.30096435546875
  ub_ci: 817.5435353570157
