inference_times:
  lb_ci: 11.521768008805234
  max: 15.192951202392578
  mean: 12.344536781311035
  median: 10.578657150268555
  min: 9.840808868408203
  std: 2.299271583557129
  ub_ci: 13.167305553816837
total_profit:
  lb_ci: 1275.7061182936425
  max: 1553.0257568359375
  mean: 1305.79248046875
  median: 1298.578857421875
  min: 1114.3818359375
  std: 84.07795715332031
  ub_ci: 1335.8788426438575
total_violations:
  lb_ci: 0.7545428458026912
  max: 1.3415606021881104
  mean: 0.8079391121864319
  median: 0.7726316452026367
  min: 0.5342488288879395
  std: 0.14921873807907104
  ub_ci: 0.8613353785701726
