feasible_instance:
  lb_ci: 1.0
  max: 1.0
  mean: 1.0
  median: 1.0
  min: 1.0
  std: 0.0
  ub_ci: 1.0
inference_times:
  lb_ci: 12.726669971070871
  max: 17.864065170288086
  mean: 13.797341346740723
  median: 11.32800579071045
  min: 10.317567825317383
  std: 2.992048740386963
  ub_ci: 14.868012722410574
total_profit:
  lb_ci: 1328.2542764637294
  max: 1535.9677734375
  mean: 1357.22509765625
  median: 1351.774658203125
  min: 1214.469970703125
  std: 80.96051788330078
  ub_ci: 1386.1959188487706
total_violations:
  lb_ci: 0.9058531812636084
  max: 1.2883846759796143
  mean: 0.963529109954834
  median: 0.9390324354171753
  min: 0.6981922388076782
  std: 0.16117848455905914
  ub_ci: 1.0212050386460596
