feasible_instance:
  lb_ci: 0.0
  max: 0.0
  mean: 0.0
  median: 0.0
  min: 0.0
  std: 0.0
  ub_ci: 0.0
inference_times:
  lb_ci: 8.814187269923933
  max: 9.216381072998047
  mean: 8.867242813110352
  median: 8.880313873291016
  min: 8.593147277832031
  std: 0.14826656877994537
  ub_ci: 8.92029835629677
total_profit:
  lb_ci: 1401.081535179189
  max: 1624.2359619140625
  mean: 1430.752685546875
  median: 1434.235595703125
  min: 1249.57373046875
  std: 82.9176254272461
  ub_ci: 1460.423835914561
total_violations:
  lb_ci: 90.67775362078972
  max: 173.79177856445312
  mean: 100.69220733642578
  median: 96.51982879638672
  min: 66.95384216308594
  std: 27.985929489135742
  ub_ci: 110.70666105206185
