feasible_instance:
  lb_ci: 0.0
  max: 0.0
  mean: 0.0
  median: 0.0
  min: 0.0
  std: 0.0
  ub_ci: 0.0
inference_times:
  lb_ci: 8.702079228757313
  max: 9.816167831420898
  mean: 8.829225540161133
  median: 8.68061351776123
  min: 8.479777336120605
  std: 0.35531720519065857
  ub_ci: 8.956371851564953
total_profit:
  lb_ci: 1394.3189878142955
  max: 1671.7769775390625
  mean: 1430.66650390625
  median: 1409.7822265625
  min: 1269.595703125
  std: 101.57508850097656
  ub_ci: 1467.0140199982045
total_violations:
  lb_ci: 95.22359271350953
  max: 218.45980834960938
  mean: 107.3040771484375
  median: 100.32317352294922
  min: 57.42177963256836
  std: 33.75956344604492
  ub_ci: 119.38456158336547
