feasible_instance:
  lb_ci: 0.0
  max: 0.0
  mean: 0.0
  median: 0.0
  min: 0.0
  std: 0.0
  ub_ci: 0.0
inference_times:
  lb_ci: 8.753174322258198
  max: 8.93075942993164
  mean: 8.781559944152832
  median: 8.780251502990723
  min: 8.636883735656738
  std: 0.07932514697313309
  ub_ci: 8.809945566047466
total_profit:
  lb_ci: 1403.1988037242354
  max: 1659.3319091796875
  mean: 1444.9244384765625
  median: 1429.58544921875
  min: 1219.04736328125
  std: 116.60453033447266
  ub_ci: 1486.6500732288896
total_violations:
  lb_ci: 92.77555355062847
  max: 247.06838989257812
  mean: 106.34864044189453
  median: 96.06822204589844
  min: 67.3543701171875
  std: 37.930721282958984
  ub_ci: 119.92172733316059
