inference_times:
  lb_ci: 9.236067525510547
  max: 11.265284538269043
  mean: 9.680840492248535
  median: 8.7166748046875
  min: 8.309860229492188
  std: 1.242941975593567
  ub_ci: 10.125613458986523
total_profit:
  lb_ci: 1420.1182810545158
  max: 1703.9378662109375
  mean: 1464.301513671875
  median: 1444.476806640625
  min: 1237.547119140625
  std: 123.47241973876953
  ub_ci: 1508.4847462892342
total_violations:
  lb_ci: 115.47113981870889
  max: 256.2967529296875
  mean: 129.12033081054688
  median: 117.09674072265625
  min: 87.14767456054688
  std: 38.14339828491211
  ub_ci: 142.76952180238484
