feasible_instance:
  lb_ci: 0.0
  max: 0.0
  mean: 0.0
  median: 0.0
  min: 0.0
  std: 0.0
  ub_ci: 0.0
inference_times:
  lb_ci: 8.649797554701216
  max: 8.990829467773438
  mean: 8.699262619018555
  median: 8.63311767578125
  min: 8.541648864746094
  std: 0.1382327824831009
  ub_ci: 8.748727683335893
total_profit:
  lb_ci: 1417.3585751082983
  max: 1726.284423828125
  mean: 1456.414794921875
  median: 1455.4720458984375
  min: 1276.950927734375
  std: 109.14470672607422
  ub_ci: 1495.4710147354517
total_violations:
  lb_ci: 90.37296140447444
  max: 210.154052734375
  mean: 101.92455291748047
  median: 93.11238861083984
  min: 44.53723907470703
  std: 32.28154373168945
  ub_ci: 113.4761444304865
