feasible_instance:
  lb_ci: 0.0
  max: 0.0
  mean: 0.0
  median: 0.0
  min: 0.0
  std: 0.0
  ub_ci: 0.0
inference_times:
  lb_ci: 10.62781412437111
  max: 14.479618072509766
  mean: 11.524775505065918
  median: 9.237021446228027
  min: 8.936951637268066
  std: 2.5066068172454834
  ub_ci: 12.421736885760726
total_profit:
  lb_ci: 1393.1763433956557
  max: 1630.304931640625
  mean: 1424.9964599609375
  median: 1427.64208984375
  min: 1261.82470703125
  std: 88.92302703857422
  ub_ci: 1456.8165765262193
total_violations:
  lb_ci: 94.177108302486
  max: 188.4143829345703
  mean: 104.84580993652344
  median: 96.71505737304688
  min: 67.00740814208984
  std: 29.814260482788086
  ub_ci: 115.51451157056087
