inference_times:
  lb_ci: 9.961586361478773
  max: 13.282299995422363
  mean: 10.812431335449219
  median: 8.611990928649902
  min: 8.31925106048584
  std: 2.377732038497925
  ub_ci: 11.663276309419665
total_profit:
  lb_ci: 1404.3125583431633
  max: 1653.4642333984375
  mean: 1437.6107177734375
  median: 1441.51025390625
  min: 1262.613525390625
  std: 93.05349731445312
  ub_ci: 1470.9088772037117
total_violations:
  lb_ci: 112.19198565296668
  max: 197.9698944091797
  mean: 121.78067779541016
  median: 121.60810852050781
  min: 77.81468200683594
  std: 26.79611587524414
  ub_ci: 131.36936993785363
