feasible_instance:
  lb_ci: 0.0
  max: 0.0
  mean: 0.0
  median: 0.0
  min: 0.0
  std: 0.0
  ub_ci: 0.0
inference_times:
  lb_ci: 8.577623534348811
  max: 8.895208358764648
  mean: 8.626583099365234
  median: 8.628307342529297
  min: 8.406309127807617
  std: 0.13682013750076294
  ub_ci: 8.675542664381657
total_profit:
  lb_ci: 1404.4359482238276
  max: 1618.351318359375
  mean: 1435.550048828125
  median: 1449.883544921875
  min: 1234.06884765625
  std: 86.95002746582031
  ub_ci: 1466.6641494324224
total_violations:
  lb_ci: 87.20023857983931
  max: 180.04653930664062
  mean: 97.61426544189453
  median: 92.0521240234375
  min: 65.99674987792969
  std: 29.102558135986328
  ub_ci: 108.02829230394975
