feasible_instance:
  lb_ci: 0.0
  max: 0.0
  mean: 0.0
  median: 0.0
  min: 0.0
  std: 0.0
  ub_ci: 0.0
inference_times:
  lb_ci: 8.7479894937502
  max: 9.410889625549316
  mean: 8.80013656616211
  median: 8.780900955200195
  min: 8.650315284729004
  std: 0.14572779834270477
  ub_ci: 8.852283638574018
total_profit:
  lb_ci: 1393.1763433956557
  max: 1630.304931640625
  mean: 1424.9964599609375
  median: 1427.64208984375
  min: 1261.82470703125
  std: 88.92302703857422
  ub_ci: 1456.8165765262193
total_violations:
  lb_ci: 94.17707083803685
  max: 188.41433715820312
  mean: 104.84577178955078
  median: 96.71502685546875
  min: 67.00735473632812
  std: 29.814258575439453
  ub_ci: 115.51447274106471
