inference_times:
  lb_ci: 10.657901818693862
  max: 14.635489463806152
  mean: 11.518606185913086
  median: 9.891350746154785
  min: 8.62707233428955
  std: 2.4052846431732178
  ub_ci: 12.37931055313231
total_profit:
  lb_ci: 1004.5500010222701
  max: 1229.90478515625
  mean: 1036.50439453125
  median: 1022.2879028320312
  min: 892.8175048828125
  std: 89.29827117919922
  ub_ci: 1068.4587880402298
total_violations:
  lb_ci: 32.841321870632456
  max: 101.69448852539062
  mean: 40.429962158203125
  median: 33.06069564819336
  min: 14.203752517700195
  std: 21.206863403320312
  ub_ci: 48.018602445773794
