inference_times:
  lb_ci: 10.177841623940237
  max: 13.495048522949219
  mean: 10.965171813964844
  median: 9.312148094177246
  min: 8.30335521697998
  std: 2.2002365589141846
  ub_ci: 11.75250200398945
total_profit:
  lb_ci: 1025.6342609076682
  max: 1293.6728515625
  mean: 1063.2362060546875
  median: 1046.8387451171875
  min: 909.9442138671875
  std: 105.08065795898438
  ub_ci: 1100.8381512017068
total_violations:
  lb_ci: 754.2147886949381
  max: 883.3419189453125
  mean: 776.0635986328125
  median: 783.8674926757812
  min: 660.4823608398438
  std: 61.057674407958984
  ub_ci: 797.9124085706869
