feasible_instance:
  lb_ci: 1.0
  max: 1.0
  mean: 1.0
  median: 1.0
  min: 1.0
  std: 0.0
  ub_ci: 1.0
inference_times:
  lb_ci: 10.41129421793949
  max: 14.524114608764648
  mean: 11.293890953063965
  median: 9.934929847717285
  min: 8.58903980255127
  std: 2.466464042663574
  ub_ci: 12.17648768818844
total_profit:
  lb_ci: 1009.3110857312452
  max: 1231.557861328125
  mean: 1041.42138671875
  median: 1028.503173828125
  min: 895.4411010742188
  std: 89.73396301269531
  ub_ci: 1073.5316877062548
total_violations:
  lb_ci: 9.210264559428361e-07
  max: 5.245208740234375e-06
  mean: 1.370906943520822e-06
  median: 9.5367431640625e-07
  min: 0.0
  std: 1.257215217265184e-06
  ub_ci: 1.8207874310988081e-06
