feasible_instance:
  lb_ci: 1.0
  max: 1.0
  mean: 1.0
  median: 1.0
  min: 1.0
  std: 0.0
  ub_ci: 1.0
inference_times:
  lb_ci: 12.165200686719112
  max: 16.63431739807129
  mean: 13.14570140838623
  median: 10.986930847167969
  min: 10.010427474975586
  std: 2.7400619983673096
  ub_ci: 14.126202130053349
total_profit:
  lb_ci: 1344.59075443322
  max: 1543.0462646484375
  mean: 1370.1256103515625
  median: 1369.4559326171875
  min: 1235.818603515625
  std: 71.35852813720703
  ub_ci: 1395.660466269905
total_violations:
  lb_ci: 0.9423551043431444
  max: 1.3203669786453247
  mean: 1.0042920112609863
  median: 1.0033971071243286
  min: 0.6875013113021851
  std: 0.173086017370224
  ub_ci: 1.0662289181788283
