feasible_instance:
  lb_ci: 1.0
  max: 1.0
  mean: 1.0
  median: 1.0
  min: 1.0
  std: 0.0
  ub_ci: 1.0
inference_times:
  lb_ci: 13.334228352295883
  max: 18.627885818481445
  mean: 14.311036109924316
  median: 13.76998519897461
  min: 10.442242622375488
  std: 2.7297418117523193
  ub_ci: 15.28784386755275
total_profit:
  lb_ci: 1185.5946132656804
  max: 1528.133544921875
  mean: 1230.17529296875
  median: 1235.2947998046875
  min: 1003.743408203125
  std: 124.5831069946289
  ub_ci: 1274.7559726718196
total_violations:
  lb_ci: 0.5840447682764546
  max: 0.9550734162330627
  mean: 0.6286600232124329
  median: 0.600996732711792
  min: 0.4745759963989258
  std: 0.12467972934246063
  ub_ci: 0.6732752781484111
