inference_times:
  lb_ci: 11.670907496064865
  max: 15.074687957763672
  mean: 12.454462051391602
  median: 10.667444229125977
  min: 10.079623222351074
  std: 2.189685344696045
  ub_ci: 13.238016606718338
total_profit:
  lb_ci: 1344.59075443322
  max: 1543.0462646484375
  mean: 1370.1256103515625
  median: 1369.4559326171875
  min: 1235.818603515625
  std: 71.35852813720703
  ub_ci: 1395.660466269905
total_violations:
  lb_ci: 0.9423551043431444
  max: 1.3203669786453247
  mean: 1.0042920112609863
  median: 1.0033971071243286
  min: 0.6875013113021851
  std: 0.173086017370224
  ub_ci: 1.0662289181788283
