feasible_instance:
  lb_ci: 1.0
  max: 1.0
  mean: 1.0
  median: 1.0
  min: 1.0
  std: 0.0
  ub_ci: 1.0
inference_times:
  lb_ci: 11.713430181322915
  max: 15.813752174377441
  mean: 12.606471061706543
  median: 10.558801651000977
  min: 9.888056755065918
  std: 2.4956507682800293
  ub_ci: 13.499511942090171
total_profit:
  lb_ci: 1297.9876328873845
  max: 1530.510986328125
  mean: 1331.5802001953125
  median: 1317.056640625
  min: 1185.9478759765625
  std: 93.87623596191406
  ub_ci: 1365.1727675032405
total_violations:
  lb_ci: 0.7849484068611748
  max: 1.2315006256103516
  mean: 0.8441739678382874
  median: 0.8151881694793701
  min: 0.5101416110992432
  std: 0.16550901532173157
  ub_ci: 0.9033995288153999
