feasible_instance:
  lb_ci: 1.0
  max: 1.0
  mean: 1.0
  median: 1.0
  min: 1.0
  std: 0.0
  ub_ci: 1.0
inference_times:
  lb_ci: 11.123705716876978
  max: 13.728224754333496
  mean: 11.680071830749512
  median: 10.427105903625488
  min: 9.948043823242188
  std: 1.5547950267791748
  ub_ci: 12.236437944622045
total_profit:
  lb_ci: 1275.9372923666106
  max: 1518.863525390625
  mean: 1312.0128173828125
  median: 1286.1085205078125
  min: 1184.614990234375
  std: 100.81499481201172
  ub_ci: 1348.0883423990144
total_violations:
  lb_ci: 0.7126323744168049
  max: 1.090739369392395
  mean: 0.7647425532341003
  median: 0.7332073450088501
  min: 0.4621567726135254
  std: 0.14562469720840454
  ub_ci: 0.8168527320513957
