feasible_instance:
  lb_ci: 1.0
  max: 1.0
  mean: 1.0
  median: 1.0
  min: 1.0
  std: 0.0
  ub_ci: 1.0
inference_times:
  lb_ci: 13.49205903862054
  max: 19.783771514892578
  mean: 14.53061580657959
  median: 12.835930824279785
  min: 10.477088928222656
  std: 2.9023027420043945
  ub_ci: 15.569172574538639
total_profit:
  lb_ci: 1332.7702178203779
  max: 1543.445556640625
  mean: 1358.31298828125
  median: 1377.5689697265625
  min: 1165.680908203125
  std: 71.38064575195312
  ub_ci: 1383.8557587421221
total_violations:
  lb_ci: 0.8238517518910217
  max: 1.4061014652252197
  mean: 0.8796210885047913
  median: 0.8652256727218628
  min: 0.6092300415039062
  std: 0.15585041046142578
  ub_ci: 0.9353904251185609
