feasible_instance:
  lb_ci: 1.0
  max: 1.0
  mean: 1.0
  median: 1.0
  min: 1.0
  std: 0.0
  ub_ci: 1.0
inference_times:
  lb_ci: 12.570828749154387
  max: 21.249252319335938
  mean: 13.754133224487305
  median: 12.364036560058594
  min: 9.975143432617188
  std: 3.3068079948425293
  ub_ci: 14.937437699820222
total_profit:
  lb_ci: 1430.478550096086
  max: 1681.3349609375
  mean: 1471.402099609375
  median: 1450.7281494140625
  min: 1239.0791015625
  std: 114.3630599975586
  ub_ci: 1512.325649122664
total_violations:
  lb_ci: 3.3215978820158674e-05
  max: 7.557868957519531e-05
  mean: 3.871123044518754e-05
  median: 3.695487976074219e-05
  min: 1.1920928955078125e-05
  std: 1.5356776202679612e-05
  ub_ci: 4.4206482070216404e-05
