feasible_instance:
  lb_ci: 1.0
  max: 1.0
  mean: 1.0
  median: 1.0
  min: 1.0
  std: 0.0
  ub_ci: 1.0
inference_times:
  lb_ci: 14.059268129293335
  max: 21.87928581237793
  mean: 15.304994583129883
  median: 13.959736824035645
  min: 10.984699249267578
  std: 3.4812495708465576
  ub_ci: 16.550721036966433
total_profit:
  lb_ci: 1242.4689006102567
  max: 1430.940673828125
  mean: 1278.292724609375
  median: 1297.772705078125
  min: 1061.595947265625
  std: 100.11160278320312
  ub_ci: 1314.1165486084933
total_violations:
  lb_ci: 0.47081286565719094
  max: 0.7710281610488892
  mean: 0.5065181255340576
  median: 0.4950174391269684
  min: 0.33361271023750305
  std: 0.09978026896715164
  ub_ci: 0.5422233854109243
