feasible_instance:
  lb_ci: 1.0
  max: 1.0
  mean: 1.0
  median: 1.0
  min: 1.0
  std: 0.0
  ub_ci: 1.0
inference_times:
  lb_ci: 13.728044795381248
  max: 19.911727905273438
  mean: 14.878512382507324
  median: 12.90428352355957
  min: 11.122688293457031
  std: 3.215043544769287
  ub_ci: 16.0289799696334
total_profit:
  lb_ci: 1312.0430459809636
  max: 1559.9036865234375
  mean: 1356.4459228515625
  median: 1365.63720703125
  min: 1121.00830078125
  std: 124.08622741699219
  ub_ci: 1400.8487997221614
total_violations:
  lb_ci: 0.9096411730580578
  max: 1.1615530252456665
  mean: 0.9500665068626404
  median: 0.943698525428772
  min: 0.6943009495735168
  std: 0.11297076940536499
  ub_ci: 0.990491840667223
