feasible_instance:
  lb_ci: 1.0
  max: 1.0
  mean: 1.0
  median: 1.0
  min: 1.0
  std: 0.0
  ub_ci: 1.0
inference_times:
  lb_ci: 13.54432814070345
  max: 18.72269058227539
  mean: 14.637999534606934
  median: 12.35954761505127
  min: 11.063423156738281
  std: 3.056323528289795
  ub_ci: 15.731670928510416
total_profit:
  lb_ci: 1247.2901325535445
  max: 1462.1651611328125
  mean: 1282.5689697265625
  median: 1274.69091796875
  min: 1093.9384765625
  std: 98.58860778808594
  ub_ci: 1317.8478068995805
total_violations:
  lb_ci: 0.5734143238770917
  max: 0.7789890766143799
  mean: 0.608882486820221
  median: 0.6080324649810791
  min: 0.38808709383010864
  std: 0.0991176888346672
  ub_ci: 0.6443506497633502
