feasible_instance:
  lb_ci: 1.0
  max: 1.0
  mean: 1.0
  median: 1.0
  min: 1.0
  std: 0.0
  ub_ci: 1.0
inference_times:
  lb_ci: 14.900132320881323
  max: 24.022754669189453
  mean: 16.181102752685547
  median: 14.740303993225098
  min: 11.722050666809082
  std: 3.5797407627105713
  ub_ci: 17.46207318448977
total_profit:
  lb_ci: 1266.1591490606
  max: 1490.79248046875
  mean: 1306.4454345703125
  median: 1306.021484375
  min: 1123.822509765625
  std: 112.58219146728516
  ub_ci: 1346.731720080025
total_violations:
  lb_ci: 0.7766170387267766
  max: 1.0032238960266113
  mean: 0.8126255869865417
  median: 0.8130965232849121
  min: 0.5372722148895264
  std: 0.1006278246641159
  ub_ci: 0.8486341352463069
