feasible_instance:
  lb_ci: 0.0
  max: 0.0
  mean: 0.0
  median: 0.0
  min: 0.0
  std: 0.0
  ub_ci: 0.0
inference_times:
  lb_ci: 12.164898658220912
  max: 18.429365158081055
  mean: 13.362586975097656
  median: 11.576516151428223
  min: 9.560415267944336
  std: 3.3470044136047363
  ub_ci: 14.560275291974401
total_profit:
  lb_ci: 2556.087623837635
  max: 2849.641845703125
  mean: 2606.866455078125
  median: 2599.96337890625
  min: 2331.885986328125
  std: 141.9041748046875
  ub_ci: 2657.645286318615
total_violations:
  lb_ci: 3125.057158037039
  max: 3384.40283203125
  mean: 3171.8623046875
  median: 3186.8193359375
  min: 2960.45361328125
  std: 130.79949951171875
  ub_ci: 3218.667451337961
