feasible_instance:
  lb_ci: 0.0
  max: 0.0
  mean: 0.0
  median: 0.0
  min: 0.0
  std: 0.0
  ub_ci: 0.0
inference_times:
  lb_ci: 12.33508391465011
  max: 18.163185119628906
  mean: 13.375150680541992
  median: 11.987449645996094
  min: 9.953062057495117
  std: 2.906522512435913
  ub_ci: 14.415217446433875
total_profit:
  lb_ci: 756.6512988201827
  max: 1337.706787109375
  mean: 850.5575561523438
  median: 803.4286499023438
  min: 348.9040222167969
  std: 262.42608642578125
  ub_ci: 944.4638134845048
total_violations:
  lb_ci: 3125.057158037039
  max: 3384.40283203125
  mean: 3171.8623046875
  median: 3186.8193359375
  min: 2960.45361328125
  std: 130.79949951171875
  ub_ci: 3218.667451337961
