inference_times:
  lb_ci: 11.188138320018474
  max: 13.953713417053223
  mean: 11.848159790039062
  median: 10.307723999023438
  min: 9.88851547241211
  std: 1.8444654941558838
  ub_ci: 12.50818126005965
total_profit:
  lb_ci: 1340.9954311527486
  max: 1756.10693359375
  mean: 1402.40576171875
  median: 1401.598876953125
  min: 1102.5472412109375
  std: 171.61447143554688
  ub_ci: 1463.8160922847514
total_violations:
  lb_ci: 1.303195581061447
  max: 7.193039417266846
  mean: 2.0899527072906494
  median: 1.069213628768921
  min: 3.5762786865234375e-07
  std: 2.1986351013183594
  ub_ci: 2.8767098335198518
