feasible_instance:
  lb_ci: 1.0
  max: 1.0
  mean: 1.0
  median: 1.0
  min: 1.0
  std: 0.0
  ub_ci: 1.0
inference_times:
  lb_ci: 9.881629899223705
  max: 10.343154907226562
  mean: 9.938066482543945
  median: 9.928411483764648
  min: 9.687564849853516
  std: 0.1577150672674179
  ub_ci: 9.994503065864185
total_profit:
  lb_ci: 1374.9824229829535
  max: 1588.303955078125
  mean: 1411.3487548828125
  median: 1441.4063720703125
  min: 1196.5006103515625
  std: 101.62767028808594
  ub_ci: 1447.7150867826715
total_violations:
  lb_ci: 0.047982036454271126
  max: 0.18669001758098602
  mean: 0.06524426490068436
  median: 0.04442036151885986
  min: 0.00010704994201660156
  std: 0.04824022576212883
  ub_ci: 0.08250649334709759
