feasible_instance:
  lb_ci: 1.0
  max: 1.0
  mean: 1.0
  median: 1.0
  min: 1.0
  std: 0.0
  ub_ci: 1.0
inference_times:
  lb_ci: 10.35615270497611
  max: 11.350811958312988
  mean: 10.453325271606445
  median: 10.327335357666016
  min: 10.162035942077637
  std: 0.27155396342277527
  ub_ci: 10.550497838236781
total_profit:
  lb_ci: 1424.743033810039
  max: 1700.98095703125
  mean: 1467.0047607421875
  median: 1479.086669921875
  min: 1242.19287109375
  std: 118.10266876220703
  ub_ci: 1509.266487674336
total_violations:
  lb_ci: 0.3140225635095064
  max: 0.6205716133117676
  mean: 0.35653096437454224
  median: 0.35633397102355957
  min: 0.11014366149902344
  std: 0.11879201233386993
  ub_ci: 0.39903936523957806
