feasible_instance:
  lb_ci: 1.0
  max: 1.0
  mean: 1.0
  median: 1.0
  min: 1.0
  std: 0.0
  ub_ci: 1.0
inference_times:
  lb_ci: 13.187854880525443
  max: 21.982032775878906
  mean: 14.416648864746094
  median: 12.66968822479248
  min: 10.334641456604004
  std: 3.4339308738708496
  ub_ci: 15.645442848966745
total_profit:
  lb_ci: 1306.2474376942482
  max: 1602.9090576171875
  mean: 1340.11572265625
  median: 1348.9046630859375
  min: 1140.1800537109375
  std: 94.64674377441406
  ub_ci: 1373.9840076182518
total_violations:
  lb_ci: 8.170288399791088e-06
  max: 3.552436828613281e-05
  mean: 1.098314987757476e-05
  median: 8.463859558105469e-06
  min: 1.5497207641601562e-06
  std: 7.860692676331382e-06
  ub_ci: 1.3796011355358433e-05
