inference_times:
  lb_ci: 11.211465706602924
  max: 14.125264167785645
  mean: 11.965615272521973
  median: 10.030571937561035
  min: 9.764041900634766
  std: 2.107511520385742
  ub_ci: 12.719764838441021
total_profit:
  lb_ci: 1294.2929893541746
  max: 1575.4537353515625
  mean: 1338.68603515625
  median: 1351.2353515625
  min: 1065.590576171875
  std: 124.05875396728516
  ub_ci: 1383.0790809583254
total_violations:
  lb_ci: 0.09742511813672672
  max: 2.3564624786376953
  mean: 0.3205198049545288
  median: 8.940696716308594e-06
  min: 9.5367431640625e-07
  std: 0.6234501004219055
  ub_ci: 0.5436144917723309
