feasible_instance:
  lb_ci: 1.0
  max: 1.0
  mean: 1.0
  median: 1.0
  min: 1.0
  std: 0.0
  ub_ci: 1.0
inference_times:
  lb_ci: 11.259111247951456
  max: 14.3029146194458
  mean: 12.025690078735352
  median: 10.125691413879395
  min: 9.759039878845215
  std: 2.1422457695007324
  ub_ci: 12.792268909519247
total_profit:
  lb_ci: 1293.9183487332732
  max: 1574.428955078125
  mean: 1338.1708984375
  median: 1351.2353515625
  min: 1065.590576171875
  std: 123.66613006591797
  ub_ci: 1382.4234481417268
total_violations:
  lb_ci: 8.222189690577485e-06
  max: 3.719329833984375e-05
  mean: 1.1614959475991782e-05
  median: 8.106231689453125e-06
  min: 9.5367431640625e-07
  std: 9.481277629674878e-06
  ub_ci: 1.5007729261406078e-05
