inference_times:
  lb_ci: 11.575080005888001
  max: 14.954423904418945
  mean: 12.38226318359375
  median: 10.347249984741211
  min: 9.997947692871094
  std: 2.2557168006896973
  ub_ci: 13.189446361299499
total_profit:
  lb_ci: 1315.7610186776828
  max: 1681.950927734375
  mean: 1372.96337890625
  median: 1354.2984619140625
  min: 1093.82421875
  std: 159.85507202148438
  ub_ci: 1430.1657391348172
total_violations:
  lb_ci: 0.6277069968301251
  max: 9.23099136352539
  mean: 1.3213908672332764
  median: 0.7008523941040039
  min: 5.960464477539062e-07
  std: 1.9385368824005127
  ub_ci: 2.0150747376364277
