inference_times:
  lb_ci: 11.51880667453903
  max: 14.790279388427734
  mean: 12.302345275878906
  median: 10.31389331817627
  min: 10.040843963623047
  std: 2.189640760421753
  ub_ci: 13.085883877218782
total_profit:
  lb_ci: 1297.9040357480787
  max: 1559.4290771484375
  mean: 1344.9447021484375
  median: 1334.7232666015625
  min: 1089.854248046875
  std: 131.45767211914062
  ub_ci: 1391.9853685487963
total_violations:
  lb_ci: 0.3375476951566039
  max: 4.593808174133301
  mean: 0.7623230218887329
  median: 1.3709068298339844e-05
  min: 1.0728836059570312e-06
  std: 1.1870574951171875
  ub_ci: 1.187098348620862
