feasible_instance:
  lb_ci: 1.0
  max: 1.0
  mean: 1.0
  median: 1.0
  min: 1.0
  std: 0.0
  ub_ci: 1.0
inference_times:
  lb_ci: 12.341314138703789
  max: 17.01255226135254
  mean: 13.354113578796387
  median: 11.150982856750488
  min: 9.999602317810059
  std: 2.830322504043579
  ub_ci: 14.366913018888985
total_profit:
  lb_ci: 1312.021956970606
  max: 1681.950927734375
  mean: 1368.89599609375
  median: 1347.6650390625
  min: 1093.82421875
  std: 158.93756103515625
  ub_ci: 1425.770035216894
total_violations:
  lb_ci: 1.2993110546237048e-05
  max: 5.1856040954589844e-05
  mean: 1.8258890122524463e-05
  median: 1.800060272216797e-05
  min: 5.960464477539062e-07
  std: 1.4715504221385345e-05
  ub_ci: 2.3524669698811875e-05
