feasible_instance:
  lb_ci: 1.0
  max: 1.0
  mean: 1.0
  median: 1.0
  min: 1.0
  std: 0.0
  ub_ci: 1.0
inference_times:
  lb_ci: 11.886160447989628
  max: 16.29066276550293
  mean: 12.790176391601562
  median: 11.084770202636719
  min: 9.925942420959473
  std: 2.5263211727142334
  ub_ci: 13.694192335213497
total_profit:
  lb_ci: 1298.514648768339
  max: 1616.55810546875
  mean: 1351.3011474609375
  median: 1350.200927734375
  min: 1112.8934326171875
  std: 147.51470947265625
  ub_ci: 1404.087646153536
total_violations:
  lb_ci: 1.2737543951728881e-05
  max: 4.494190216064453e-05
  mean: 1.790126225387212e-05
  median: 1.3709068298339844e-05
  min: 2.384185791015625e-07
  std: 1.4430288501898758e-05
  ub_ci: 2.3064980556015356e-05
