feasible_instance:
  lb_ci: 1.0
  max: 1.0
  mean: 1.0
  median: 1.0
  min: 1.0
  std: 0.0
  ub_ci: 1.0
inference_times:
  lb_ci: 11.694998299455152
  max: 15.011680603027344
  mean: 12.54432201385498
  median: 10.424426078796387
  min: 10.00042724609375
  std: 2.373480796813965
  ub_ci: 13.393645728254809
total_profit:
  lb_ci: 1291.5396824789725
  max: 1634.6937255859375
  mean: 1340.0823974609375
  median: 1346.75048828125
  min: 1072.5537109375
  std: 135.6552276611328
  ub_ci: 1388.6251124429025
total_violations:
  lb_ci: 1.0208216156506891e-05
  max: 3.552436828613281e-05
  mean: 1.3987223610456567e-05
  median: 9.894371032714844e-06
  min: 3.5762786865234375e-07
  std: 1.0560639566392638e-05
  ub_ci: 1.776623106440624e-05
