feasible_instance:
  lb_ci: 1.0
  max: 1.0
  mean: 1.0
  median: 1.0
  min: 1.0
  std: 0.0
  ub_ci: 1.0
inference_times:
  lb_ci: 11.387588137904235
  max: 14.535111427307129
  mean: 12.170207977294922
  median: 10.311938285827637
  min: 9.860705375671387
  std: 2.187073230743408
  ub_ci: 12.952827816685609
total_profit:
  lb_ci: 1287.58245982513
  max: 1630.962646484375
  mean: 1332.096923828125
  median: 1356.302734375
  min: 1050.246826171875
  std: 124.39806365966797
  ub_ci: 1376.61138783112
total_violations:
  lb_ci: 8.120760751746642e-06
  max: 2.956390380859375e-05
  mean: 1.09434131445596e-05
  median: 7.987022399902344e-06
  min: 1.6689300537109375e-06
  std: 7.888053914939519e-06
  ub_ci: 1.3766065537372556e-05
