feasible_instance:
  lb_ci: 1.0
  max: 1.0
  mean: 1.0
  median: 1.0
  min: 1.0
  std: 0.0
  ub_ci: 1.0
inference_times:
  lb_ci: 11.250091503256847
  max: 14.369397163391113
  mean: 12.014365196228027
  median: 10.270593643188477
  min: 9.72292709350586
  std: 2.1358039379119873
  ub_ci: 12.778638889199208
total_profit:
  lb_ci: 1293.2368947699576
  max: 1603.76220703125
  mean: 1334.7410888671875
  median: 1352.318359375
  min: 1054.224365234375
  std: 115.98570251464844
  ub_ci: 1376.2452829644174
total_violations:
  lb_ci: 8.486068628924991e-06
  max: 3.814697265625e-05
  mean: 1.2032191989419516e-05
  median: 8.106231689453125e-06
  min: 2.384185791015625e-07
  std: 9.909832442644984e-06
  ub_ci: 1.557831534991404e-05
