inference_times:
  lb_ci: 11.312925992245459
  max: 14.796451568603516
  mean: 11.817696571350098
  median: 11.833312034606934
  min: 10.099328994750977
  std: 1.4106085300445557
  ub_ci: 12.322467150454736
total_profit:
  lb_ci: 1300.151415174338
  max: 1616.55810546875
  mean: 1353.045654296875
  median: 1352.7880859375
  min: 1112.8934326171875
  std: 147.8157958984375
  ub_ci: 1405.939893419412
total_violations:
  lb_ci: 0.5858411851784241
  max: 2.8198869228363037
  mean: 0.9413982629776001
  median: 0.9128322601318359
  min: 7.152557373046875e-07
  std: 0.9936233758926392
  ub_ci: 1.2969553407767762
