feasible_instance:
  lb_ci: 1.0
  max: 1.0
  mean: 1.0
  median: 1.0
  min: 1.0
  std: 0.0
  ub_ci: 1.0
inference_times:
  lb_ci: 12.519356344449388
  max: 16.94986915588379
  mean: 13.566915512084961
  median: 11.392213821411133
  min: 10.134756088256836
  std: 2.9274604320526123
  ub_ci: 14.614474679720534
total_profit:
  lb_ci: 1330.3054875253645
  max: 1756.10693359375
  mean: 1391.0635986328125
  median: 1368.39013671875
  min: 1102.5472412109375
  std: 169.79180908203125
  ub_ci: 1451.8217097402605
total_violations:
  lb_ci: 1.1502155580101868e-05
  max: 3.5643577575683594e-05
  mean: 1.5151501429500058e-05
  median: 1.5735626220703125e-05
  min: 3.5762786865234375e-07
  std: 1.0198293239227496e-05
  ub_ci: 1.880084727889825e-05
