feasible_instance:
  lb_ci: 1.0
  max: 1.0
  mean: 1.0
  median: 1.0
  min: 1.0
  std: 0.0
  ub_ci: 1.0
inference_times:
  lb_ci: 10.025308927441225
  max: 10.381521224975586
  mean: 10.06331729888916
  median: 10.023945808410645
  min: 9.926201820373535
  std: 0.1062164381146431
  ub_ci: 10.101325670337095
total_profit:
  lb_ci: 1287.58245982513
  max: 1630.962646484375
  mean: 1332.096923828125
  median: 1356.302734375
  min: 1050.246826171875
  std: 124.39806365966797
  ub_ci: 1376.61138783112
total_violations:
  lb_ci: 0.0
  max: 0.0
  mean: 0.0
  median: 0.0
  min: 0.0
  std: 0.0
  ub_ci: 0.0
