feasible_instance:
  lb_ci: 1.0
  max: 1.0
  mean: 1.0
  median: 1.0
  min: 1.0
  std: 0.0
  ub_ci: 1.0
inference_times:
  lb_ci: 11.475862841283575
  max: 15.111666679382324
  mean: 12.29612922668457
  median: 10.522571563720703
  min: 9.774687767028809
  std: 2.292278528213501
  ub_ci: 13.116395612085565
total_profit:
  lb_ci: 1296.8058313658378
  max: 1557.057373046875
  mean: 1343.6441650390625
  median: 1332.35693359375
  min: 1089.854248046875
  std: 130.89224243164062
  ub_ci: 1390.4824987122872
total_violations:
  lb_ci: 1.1676048576935854e-05
  max: 5.14984130859375e-05
  mean: 1.650253943807911e-05
  median: 1.1801719665527344e-05
  min: 1.0728836059570312e-06
  std: 1.3487888281815685e-05
  ub_ci: 2.132903029922237e-05
