feasible_instance:
  lb_ci: 1.0
  max: 1.0
  mean: 1.0
  median: 1.0
  min: 1.0
  std: 0.0
  ub_ci: 1.0
inference_times:
  lb_ci: 11.16707158302487
  max: 13.882682800292969
  mean: 11.832199096679688
  median: 10.223005294799805
  min: 9.777329444885254
  std: 1.8587346076965332
  ub_ci: 12.497326610334506
total_profit:
  lb_ci: 1290.0696031156835
  max: 1576.304443359375
  mean: 1332.8935546875
  median: 1342.6754150390625
  min: 1059.9462890625
  std: 119.67383575439453
  ub_ci: 1375.7175062593165
total_violations:
  lb_ci: 8.398697840836173e-06
  max: 2.7298927307128906e-05
  mean: 1.0657310667738784e-05
  median: 9.059906005859375e-06
  min: 9.5367431640625e-07
  std: 6.3118150137597695e-06
  ub_ci: 1.2915923494641396e-05
