feasible_instance:
  lb_ci: 1.0
  max: 1.0
  mean: 1.0
  median: 1.0
  min: 1.0
  std: 0.0
  ub_ci: 1.0
inference_times:
  lb_ci: 11.285693712919503
  max: 14.259642601013184
  mean: 12.05026626586914
  median: 10.247495651245117
  min: 9.804332733154297
  std: 2.13663911819458
  ub_ci: 12.814838818818778
total_profit:
  lb_ci: 1324.8814031216355
  max: 1672.3299560546875
  mean: 1374.5677490234375
  median: 1387.217041015625
  min: 1103.710205078125
  std: 138.85116577148438
  ub_ci: 1424.2540949252395
total_violations:
  lb_ci: 1.1796216547571568e-05
  max: 4.398822784423828e-05
  mean: 1.622438503545709e-05
  median: 1.1086463928222656e-05
  min: 1.6689300537109375e-06
  std: 1.2374754987831693e-05
  ub_ci: 2.065255352334261e-05
