feasible_instance:
  lb_ci: 1.0
  max: 1.0
  mean: 1.0
  median: 1.0
  min: 1.0
  std: 0.0
  ub_ci: 1.0
inference_times:
  lb_ci: 13.075236678640186
  max: 20.16376495361328
  mean: 14.288618087768555
  median: 12.988391876220703
  min: 10.3281831741333
  std: 3.390859603881836
  ub_ci: 15.501999496896923
total_profit:
  lb_ci: 1329.272370591522
  max: 1598.22314453125
  mean: 1369.0340576171875
  median: 1343.5068359375
  min: 1197.400146484375
  std: 111.11617279052734
  ub_ci: 1408.795744642853
total_violations:
  lb_ci: 1.1727948475991945e-05
  max: 7.164478302001953e-05
  mean: 1.5985966456355527e-05
  median: 1.4424324035644531e-05
  min: 4.649162292480469e-06
  std: 1.1899260243808385e-05
  ub_ci: 2.024398443671911e-05
