feasible_instance:
  lb_ci: 1.0
  max: 1.0
  mean: 1.0
  median: 1.0
  min: 1.0
  std: 0.0
  ub_ci: 1.0
inference_times:
  lb_ci: 13.935153667726157
  max: 20.767337799072266
  mean: 15.195361137390137
  median: 13.794008255004883
  min: 10.737241744995117
  std: 3.5217175483703613
  ub_ci: 16.455568607054115
total_profit:
  lb_ci: 1273.6519968175564
  max: 1575.90087890625
  mean: 1318.0499267578125
  median: 1319.3013916015625
  min: 1107.8929443359375
  std: 124.07240295410156
  ub_ci: 1362.4478566980686
total_violations:
  lb_ci: 0.08988923677084971
  max: 0.7287002205848694
  mean: 0.17006775736808777
  median: 0.05218684673309326
  min: 0.0075643062591552734
  std: 0.2240631878376007
  ub_ci: 0.25024627796532584
