feasible_instance:
  lb_ci: 0.16176272887398352
  max: 1.0
  mean: 0.3333333432674408
  median: 0.0
  min: 0.0
  std: 0.4794633090496063
  ub_ci: 0.504903957660898
inference_times:
  lb_ci: 6.1562872924701635
  max: 11.818106651306152
  mean: 6.772032737731934
  median: 5.95017147064209
  min: 5.180574893951416
  std: 1.7207337617874146
  ub_ci: 7.387778182993704
total_profit:
  lb_ci: 24681.805247754975
  max: 28269.0078125
  mean: 25237.8359375
  median: 25015.5234375
  min: 22401.8046875
  std: 1553.857666015625
  ub_ci: 25793.866627245025
total_violations:
  lb_ci: 2.463250642494825
  max: 108.34124755859375
  mean: 9.554649353027344
  median: 3.637132167816162
  min: 0.3406892418861389
  std: 19.81729507446289
  ub_ci: 16.646048063559864
