feasible_instance:
  lb_ci: 0.9013345570481911
  max: 1.0
  mean: 0.9666666984558105
  median: 1.0
  min: 0.0
  std: 0.18257418274879456
  ub_ci: 1.03199883986343
inference_times:
  lb_ci: 7.230630669211387
  max: 14.254373550415039
  mean: 7.675360679626465
  median: 7.444714546203613
  min: 7.403545379638672
  std: 1.2428219318389893
  ub_ci: 8.120090690041541
total_profit:
  lb_ci: 23448.478162638454
  max: 26307.11328125
  mean: 23967.96875
  median: 23777.197265625
  min: 21108.375
  std: 1451.744384765625
  ub_ci: 24487.459337361546
total_violations:
  lb_ci: -1.137450136091739
  max: 50.227500915527344
  mean: 2.1145880222320557
  median: 0.42326247692108154
  min: 0.2634001076221466
  std: 9.087995529174805
  ub_ci: 5.36662618055585
