feasible_instance:
  lb_ci: 1.0
  max: 1.0
  mean: 1.0
  median: 1.0
  min: 1.0
  std: 0.0
  ub_ci: 1.0
inference_times:
  lb_ci: 14.977619783009853
  max: 21.620540618896484
  mean: 15.623259544372559
  median: 15.105806350708008
  min: 13.100164413452148
  std: 1.8042750358581543
  ub_ci: 16.268899305735264
total_profit:
  lb_ci: 24717.433751569923
  max: 28322.12109375
  mean: 25272.58203125
  median: 25060.125
  min: 22418.8359375
  std: 1551.3917236328125
  ub_ci: 25827.730310930077
total_violations:
  lb_ci: -2.857273628086916
  max: 104.95706939697266
  mean: 4.001505374908447
  median: 0.03176022693514824
  min: 0.011805963702499866
  std: 19.167226791381836
  ub_ci: 10.86028437790381
