feasible_instance:
  lb_ci: 0.8425467654482932
  max: 1.0
  mean: 0.9333333969116211
  median: 1.0
  min: 0.0
  std: 0.2537081241607666
  ub_ci: 1.024120028374949
inference_times:
  lb_ci: 100.09331230385011
  max: 113.13034057617188
  mean: 102.18157196044922
  median: 101.7813720703125
  min: 87.86540985107422
  std: 5.835753917694092
  ub_ci: 104.26983161704833
total_profit:
  lb_ci: 31919.410864214602
  max: 36004.671875
  mean: 32662.466796875
  median: 32906.58984375
  min: 29010.04296875
  std: 2076.509765625
  ub_ci: 33405.5227295354
total_violations:
  lb_ci: -12.599248590301713
  max: 912.3931274414062
  mean: 63.2772331237793
  median: 0.009654249995946884
  min: 0.0012783689890056849
  std: 212.04090881347656
  ub_ci: 139.15371483786032
