feasible_instance:
  lb_ci: 1.0
  max: 1.0
  mean: 1.0
  median: 1.0
  min: 1.0
  std: 0.0
  ub_ci: 1.0
inference_times:
  lb_ci: 30.025259828653915
  max: 42.9297981262207
  mean: 31.190507888793945
  median: 30.496891021728516
  min: 27.0401611328125
  std: 3.2563483715057373
  ub_ci: 32.355755948933975
total_profit:
  lb_ci: 24835.64038807412
  max: 27535.00390625
  mean: 25288.255859375
  median: 25243.20703125
  min: 22543.75390625
  std: 1264.8582763671875
  ub_ci: 25740.87133067588
total_violations:
  lb_ci: -0.6396388321450575
  max: 30.840843200683594
  mean: 1.837817907333374
  median: 0.02057184837758541
  min: 0.005690282676368952
  std: 6.923386096954346
  ub_ci: 4.3152746468118055
