feasible_instance:
  lb_ci: 0.533214349616776
  max: 1.0
  mean: 0.7000000476837158
  median: 1.0
  min: 0.0
  std: 0.4660916030406952
  ub_ci: 0.8667857457506556
inference_times:
  lb_ci: 6.300960799742793
  max: 11.699551582336426
  mean: 6.741253852844238
  median: 6.46620512008667
  min: 5.432929515838623
  std: 1.2304226160049438
  ub_ci: 7.181546905945684
total_profit:
  lb_ci: 24309.203898530675
  max: 27796.26953125
  mean: 24779.060546875
  median: 24502.525390625
  min: 22539.890625
  std: 1313.0396728515625
  ub_ci: 25248.917195219325
total_violations:
  lb_ci: 1.0486593459676326
  max: 7.944870948791504
  mean: 1.7803616523742676
  median: 0.8469693660736084
  min: 0.11607427895069122
  std: 2.044781446456909
  ub_ci: 2.5120639587809026
