feasible_instance:
  lb_ci: 0.3180218726634756
  max: 1.0
  mean: 0.5
  median: 0.0
  min: 0.0
  std: 0.5085476636886597
  ub_ci: 0.6819781273365244
inference_times:
  lb_ci: 9.920771541064063
  max: 11.448429107666016
  mean: 10.450055122375488
  median: 10.836771965026855
  min: 6.048914909362793
  std: 1.4791114330291748
  ub_ci: 10.979338703686913
total_profit:
  lb_ci: 38986.74721460069
  max: 46565.08203125
  mean: 39839.59765625
  median: 39584.890625
  min: 35563.08203125
  std: 2383.33642578125
  ub_ci: 40692.44809789931
total_violations:
  lb_ci: 992.9578136830482
  max: 19138.744140625
  mean: 2539.51806640625
  median: 2.6479949951171875
  min: 1.608473539352417
  std: 4321.94580078125
  ub_ci: 4086.0783191294518
