feasible_instance:
  lb_ci: 0.533214349616776
  max: 1.0
  mean: 0.7000000476837158
  median: 1.0
  min: 0.0
  std: 0.4660916030406952
  ub_ci: 0.8667857457506556
inference_times:
  lb_ci: 5.9864607217140815
  max: 6.731349468231201
  mean: 6.102813243865967
  median: 6.148980617523193
  min: 5.5364203453063965
  std: 0.3251533806324005
  ub_ci: 6.219165766017852
total_profit:
  lb_ci: 24377.47959340125
  max: 27908.1875
  mean: 24853.6484375
  median: 24567.3203125
  min: 22598.541015625
  std: 1330.679443359375
  ub_ci: 25329.81728159875
total_violations:
  lb_ci: 1.1796607199143616
  max: 5.905459403991699
  mean: 1.7230329513549805
  median: 1.3100171089172363
  min: 0.0968814492225647
  std: 1.5184829235076904
  ub_ci: 2.2664051827955993
