feasible_instance:
  lb_ci: 0.6544175845865559
  max: 1.0
  mean: 0.8000000715255737
  median: 1.0
  min: 0.0
  std: 0.4068380892276764
  ub_ci: 0.9455825584645916
inference_times:
  lb_ci: 5.747867584810916
  max: 6.238315582275391
  mean: 5.790913105010986
  median: 5.776401519775391
  min: 5.611496925354004
  std: 0.1202930212020874
  ub_ci: 5.833958625211056
total_profit:
  lb_ci: 31138.80866779979
  max: 34044.90234375
  mean: 31646.859375
  median: 31612.78515625
  min: 29222.423828125
  std: 1419.7750244140625
  ub_ci: 32154.91008220021
total_violations:
  lb_ci: 5.9610853182493315
  max: 4535.2841796875
  mean: 403.6779479980469
  median: 1.1507964134216309
  min: 0.700009822845459
  std: 1111.441162109375
  ub_ci: 801.3948106778444
