feasible_instance:
  lb_ci: 1.0
  max: 1.0
  mean: 1.0
  median: 1.0
  min: 1.0
  std: 0.0
  ub_ci: 1.0
inference_times:
  lb_ci: 29.646780018502387
  max: 41.17546463012695
  mean: 30.726245880126953
  median: 30.0223388671875
  min: 26.628934860229492
  std: 3.01662540435791
  ub_ci: 31.80571174175152
total_profit:
  lb_ci: 24931.99389703306
  max: 27698.4296875
  mean: 25388.9296875
  median: 25322.50390625
  min: 22581.568359375
  std: 1276.931640625
  ub_ci: 25845.86547796694
total_violations:
  lb_ci: -0.48276950708253574
  max: 23.256622314453125
  mean: 1.1630669832229614
  median: 0.01661134883761406
  min: 0.004443340934813023
  std: 4.59937858581543
  ub_ci: 2.8089034735284586
