feasible_instance:
  lb_ci: 0.22169861987405481
  max: 1.0
  mean: 0.40000003576278687
  median: 0.0
  min: 0.0
  std: 0.4982728958129883
  ub_ci: 0.5783014516515189
inference_times:
  lb_ci: 4.944634986132761
  max: 6.621855735778809
  mean: 5.159949779510498
  median: 5.085640907287598
  min: 3.9547367095947266
  std: 0.6017087697982788
  ub_ci: 5.375264572888235
total_profit:
  lb_ci: 24633.55162178194
  max: 28223.125
  mean: 25196.646484375
  median: 24894.5
  min: 22161.28515625
  std: 1573.598876953125
  ub_ci: 25759.74134696806
total_violations:
  lb_ci: 28.543219121367308
  max: 112.57514953613281
  mean: 35.563720703125
  median: 33.624507904052734
  min: 7.770776748657227
  std: 19.619169235229492
  ub_ci: 42.58422228488269
