inference_times:
  lb_ci: 11.178602705477832
  max: 13.86208724975586
  mean: 11.82424545288086
  median: 10.235499382019043
  min: 9.718310356140137
  std: 1.8042833805084229
  ub_ci: 12.469888200283886
total_profit:
  lb_ci: 1241.5835225923013
  max: 1541.074951171875
  mean: 1287.8717041015625
  median: 1313.845947265625
  min: 1023.8258666992188
  std: 129.3548126220703
  ub_ci: 1334.1598856108237
total_violations:
  lb_ci: 0.06509950810664017
  max: 0.14408564567565918
  mean: 0.07738480716943741
  median: 0.08457076549530029
  min: 0.020555615425109863
  std: 0.03433192893862724
  ub_ci: 0.08967010623223465
