feasible_instance:
  lb_ci: 1.0
  max: 1.0
  mean: 1.0
  median: 1.0
  min: 1.0
  std: 0.0
  ub_ci: 1.0
inference_times:
  lb_ci: 11.718544516740087
  max: 15.301417350769043
  mean: 12.609404563903809
  median: 10.395313262939453
  min: 9.970484733581543
  std: 2.489556312561035
  ub_ci: 13.50026461106753
total_profit:
  lb_ci: 1251.5409300931058
  max: 1579.410888671875
  mean: 1306.397216796875
  median: 1294.3797607421875
  min: 1048.721435546875
  std: 153.29884338378906
  ub_ci: 1361.2535035006442
total_violations:
  lb_ci: 0.11524854299759509
  max: 0.4310881197452545
  mean: 0.158563494682312
  median: 0.1083398312330246
  min: 0.019248604774475098
  std: 0.12104596197605133
  ub_ci: 0.20187844636702895
