feasible_instance:
  lb_ci: 1.0
  max: 1.0
  mean: 1.0
  median: 1.0
  min: 1.0
  std: 0.0
  ub_ci: 1.0
inference_times:
  lb_ci: 12.601536969380886
  max: 18.709484100341797
  mean: 13.61635684967041
  median: 11.870946884155273
  min: 10.388912200927734
  std: 2.8359687328338623
  ub_ci: 14.631176729959934
total_profit:
  lb_ci: 1228.5322480462244
  max: 1594.0440673828125
  mean: 1278.7952880859375
  median: 1277.1717529296875
  min: 987.3441162109375
  std: 140.4627685546875
  ub_ci: 1329.0583281256506
total_violations:
  lb_ci: 0.20872294726532478
  max: 0.7171347141265869
  mean: 0.27524393796920776
  median: 0.19854223728179932
  min: 0.07297015190124512
  std: 0.18589648604393005
  ub_ci: 0.3417649286730907
