inference_times:
  lb_ci: 11.924407605645106
  max: 14.706296920776367
  mean: 12.602049827575684
  median: 10.965410232543945
  min: 10.543672561645508
  std: 1.8937076330184937
  ub_ci: 13.279692049506261
total_profit:
  lb_ci: 1286.5329954438712
  max: 1646.45947265625
  mean: 1345.9678955078125
  median: 1343.576416015625
  min: 1048.9251708984375
  std: 166.09402465820312
  ub_ci: 1405.4027955717538
total_violations:
  lb_ci: 0.3554380017119052
  max: 0.8933526873588562
  mean: 0.4374971091747284
  median: 0.4475725293159485
  min: 0.08113360404968262
  std: 0.22931858897209167
  ub_ci: 0.5195562166375516
