feasible_instance:
  lb_ci: 1.0
  max: 1.0
  mean: 1.0
  median: 1.0
  min: 1.0
  std: 0.0
  ub_ci: 1.0
inference_times:
  lb_ci: 12.602135041075611
  max: 19.050296783447266
  mean: 13.670897483825684
  median: 15.23500919342041
  min: 10.349523544311523
  std: 2.9867141246795654
  ub_ci: 14.739659926575756
total_profit:
  lb_ci: 1286.5329954438712
  max: 1646.45947265625
  mean: 1345.9678955078125
  median: 1343.576416015625
  min: 1048.9251708984375
  std: 166.09402465820312
  ub_ci: 1405.4027955717538
total_violations:
  lb_ci: 0.3554380017119052
  max: 0.8933526873588562
  mean: 0.4374971091747284
  median: 0.4475725293159485
  min: 0.08113360404968262
  std: 0.22931858897209167
  ub_ci: 0.5195562166375516
