feasible_instance:
  lb_ci: 1.0
  max: 1.0
  mean: 1.0
  median: 1.0
  min: 1.0
  std: 0.0
  ub_ci: 1.0
inference_times:
  lb_ci: 13.418755863620706
  max: 20.41897964477539
  mean: 14.550261497497559
  median: 14.18078327178955
  min: 10.628743171691895
  std: 3.162053346633911
  ub_ci: 15.68176713137441
total_profit:
  lb_ci: 1258.3690687412584
  max: 1602.490234375
  mean: 1309.54248046875
  median: 1299.8756103515625
  min: 1026.7685546875
  std: 143.00685119628906
  ub_ci: 1360.7158921962416
total_violations:
  lb_ci: 0.2706165943958456
  max: 0.7655936479568481
  mean: 0.3462831974029541
  median: 0.24463321268558502
  min: 0.12359166145324707
  std: 0.2114543914794922
  ub_ci: 0.4219498004100626
