feasible_instance:
  lb_ci: 1.0
  max: 1.0
  mean: 1.0
  median: 1.0
  min: 1.0
  std: 0.0
  ub_ci: 1.0
inference_times:
  lb_ci: 12.228380537393349
  max: 16.363183975219727
  mean: 13.06206226348877
  median: 11.305599212646484
  min: 10.477775573730469
  std: 2.329768419265747
  ub_ci: 13.89574398958419
total_profit:
  lb_ci: 1248.080090722934
  max: 1525.5255126953125
  mean: 1296.18701171875
  median: 1300.953125
  min: 1044.399169921875
  std: 134.4373779296875
  ub_ci: 1344.293932714566
total_violations:
  lb_ci: 0.08599379594093608
  max: 0.23607873916625977
  mean: 0.10423910617828369
  median: 0.10582005977630615
  min: 0.008051872253417969
  std: 0.050987500697374344
  ub_ci: 0.1224844164156313
