feasible_instance:
  lb_ci: 1.0
  max: 1.0
  mean: 1.0
  median: 1.0
  min: 1.0
  std: 0.0
  ub_ci: 1.0
inference_times:
  lb_ci: 12.563513037190896
  max: 18.246572494506836
  mean: 13.608022689819336
  median: 11.449435234069824
  min: 10.235057830810547
  std: 2.918938398361206
  ub_ci: 14.652532342447776
total_profit:
  lb_ci: 1226.1328179702077
  max: 1595.3292236328125
  mean: 1271.96728515625
  median: 1283.386474609375
  min: 980.4083862304688
  std: 128.08688354492188
  ub_ci: 1317.8017523422923
total_violations:
  lb_ci: 0.12105215078205225
  max: 0.4682212471961975
  mean: 0.1628204882144928
  median: 0.13676702976226807
  min: 0.019325733184814453
  std: 0.11672386527061462
  ub_ci: 0.20458882564693334
