inference_times:
  lb_ci: 11.310488447918617
  max: 13.933839797973633
  mean: 11.876771926879883
  median: 10.741464614868164
  min: 10.038636207580566
  std: 1.5825096368789673
  ub_ci: 12.443055405841148
total_profit:
  lb_ci: 1251.5409300931058
  max: 1579.410888671875
  mean: 1306.397216796875
  median: 1294.3797607421875
  min: 1048.721435546875
  std: 153.29884338378906
  ub_ci: 1361.2535035006442
total_violations:
  lb_ci: 0.11524854299759509
  max: 0.4310881197452545
  mean: 0.158563494682312
  median: 0.1083398312330246
  min: 0.019248604774475098
  std: 0.12104596197605133
  ub_ci: 0.20187844636702895
