feasible_instance:
  lb_ci: 1.0
  max: 1.0
  mean: 1.0
  median: 1.0
  min: 1.0
  std: 0.0
  ub_ci: 1.0
inference_times:
  lb_ci: 12.356234966710966
  max: 19.28655433654785
  mean: 13.350132942199707
  median: 12.839837074279785
  min: 10.013672828674316
  std: 2.777501344680786
  ub_ci: 14.344030917688448
total_profit:
  lb_ci: 1241.5835225923013
  max: 1541.074951171875
  mean: 1287.8717041015625
  median: 1313.845947265625
  min: 1023.8258666992188
  std: 129.3548126220703
  ub_ci: 1334.1598856108237
total_violations:
  lb_ci: 0.06509950810664017
  max: 0.14408564567565918
  mean: 0.07738480716943741
  median: 0.08457076549530029
  min: 0.020555615425109863
  std: 0.03433192893862724
  ub_ci: 0.08967010623223465
