feasible_instance:
  lb_ci: 1.0
  max: 1.0
  mean: 1.0
  median: 1.0
  min: 1.0
  std: 0.0
  ub_ci: 1.0
inference_times:
  lb_ci: 13.378287543702271
  max: 20.259458541870117
  mean: 14.478642463684082
  median: 13.655301094055176
  min: 10.495094299316406
  std: 3.0750010013580322
  ub_ci: 15.578997383665893
total_profit:
  lb_ci: 1267.19443743784
  max: 1637.98095703125
  mean: 1325.04150390625
  median: 1304.64111328125
  min: 1036.90673828125
  std: 161.65673828125
  ub_ci: 1382.88857037466
total_violations:
  lb_ci: 0.22804765980130787
  max: 0.6757158637046814
  mean: 0.29163938760757446
  median: 0.25773340463638306
  min: 0.0677785873413086
  std: 0.17771050333976746
  ub_ci: 0.35523111541384106
