feasible_instance:
  lb_ci: 1.0
  max: 1.0
  mean: 1.0
  median: 1.0
  min: 1.0
  std: 0.0
  ub_ci: 1.0
inference_times:
  lb_ci: 12.180194491145095
  max: 17.050153732299805
  mean: 13.216720581054688
  median: 11.001887321472168
  min: 9.954089164733887
  std: 2.896627902984619
  ub_ci: 14.25324667096428
total_profit:
  lb_ci: 1235.1951150162881
  max: 1536.74658203125
  mean: 1280.0555419921875
  median: 1288.36083984375
  min: 992.4482421875
  std: 125.36487579345703
  ub_ci: 1324.9159689680869
total_violations:
  lb_ci: 0.07268128707848442
  max: 0.18348276615142822
  mean: 0.08731957525014877
  median: 0.08941173553466797
  min: 0.013264656066894531
  std: 0.04090748354792595
  ub_ci: 0.10195786342181312
