feasible_instance:
  lb_ci: 1.0
  max: 1.0
  mean: 1.0
  median: 1.0
  min: 1.0
  std: 0.0
  ub_ci: 1.0
inference_times:
  lb_ci: 12.759542214151734
  max: 18.02113151550293
  mean: 13.86872386932373
  median: 12.028961181640625
  min: 10.292386054992676
  std: 3.09966778755188
  ub_ci: 14.977905524495727
total_profit:
  lb_ci: 1235.2837597480539
  max: 1575.52490234375
  mean: 1278.2158203125
  median: 1295.541748046875
  min: 988.3214111328125
  std: 119.9759521484375
  ub_ci: 1321.1478808769461
total_violations:
  lb_ci: 0.08310486153104325
  max: 0.30278265476226807
  mean: 0.10305185616016388
  median: 0.0955960750579834
  min: 0.004962563514709473
  std: 0.05574294924736023
  ub_ci: 0.1229988507892845
