inference_times:
  lb_ci: 11.128489882872147
  max: 13.950894355773926
  mean: 11.724737167358398
  median: 10.925353050231934
  min: 9.892080307006836
  std: 1.6662451028823853
  ub_ci: 12.32098445184465
total_profit:
  lb_ci: 1289.0974478786748
  max: 1632.2374267578125
  mean: 1333.822265625
  median: 1358.0655517578125
  min: 1050.246826171875
  std: 124.98590850830078
  ub_ci: 1378.5470833713252
total_violations:
  lb_ci: 0.18404574788264916
  max: 5.022870063781738
  mean: 0.6675796508789062
  median: 8.463859558105469e-06
  min: 1.6689300537109375e-06
  std: 1.3512614965438843
  ub_ci: 1.1511135538751633
