feasible_instance:
  lb_ci: 0.0
  max: 0.0
  mean: 0.0
  median: 0.0
  min: 0.0
  std: 0.0
  ub_ci: 0.0
inference_times:
  lb_ci: 11.562580574428651
  max: 17.12386131286621
  mean: 12.770959854125977
  median: 10.030503273010254
  min: 8.995444297790527
  std: 3.3768808841705322
  ub_ci: 13.979339133823302
total_profit:
  lb_ci: 1025.6342609076682
  max: 1293.6728515625
  mean: 1063.2362060546875
  median: 1046.8387451171875
  min: 909.9442138671875
  std: 105.08065795898438
  ub_ci: 1100.8381512017068
total_violations:
  lb_ci: 754.2147886949381
  max: 883.3419189453125
  mean: 776.0635986328125
  median: 783.8674926757812
  min: 660.4823608398438
  std: 61.057674407958984
  ub_ci: 797.9124085706869
