feasible_instance:
  lb_ci: 0.0
  max: 0.0
  mean: 0.0
  median: 0.0
  min: 0.0
  std: 0.0
  ub_ci: 0.0
inference_times:
  lb_ci: 11.425543591506786
  max: 18.761598587036133
  mean: 12.597541809082031
  median: 11.146007537841797
  min: 8.651643753051758
  std: 3.275212049484253
  ub_ci: 13.769540026657276
total_profit:
  lb_ci: 1810.6964130372605
  max: 1856.97265625
  mean: 1830.9539794921875
  median: 1856.97265625
  min: 1615.1400146484375
  std: 56.61085891723633
  ub_ci: 1851.2115459471145
total_violations:
  lb_ci: 782.2631206890788
  max: 897.1869506835938
  mean: 799.9044189453125
  median: 798.63525390625
  min: 703.1123046875
  std: 49.299556732177734
  ub_ci: 817.5457172015462
