feasible_instance:
  lb_ci: 0.0
  max: 0.0
  mean: 0.0
  median: 0.0
  min: 0.0
  std: 0.0
  ub_ci: 0.0
inference_times:
  lb_ci: 12.607371042999157
  max: 19.82767105102539
  mean: 13.981806755065918
  median: 11.688462257385254
  min: 8.765549659729004
  std: 3.8409345149993896
  ub_ci: 15.35624246713268
total_profit:
  lb_ci: 972.5653971530628
  max: 1247.12060546875
  mean: 1011.1251220703125
  median: 1004.3448486328125
  min: 689.123291015625
  std: 107.7572250366211
  ub_ci: 1049.6848469875622
total_violations:
  lb_ci: 782.2631206890788
  max: 897.1869506835938
  mean: 799.9044189453125
  median: 798.63525390625
  min: 703.1123046875
  std: 49.299556732177734
  ub_ci: 817.5457172015462
