feasible_instance:
  lb_ci: 0.22169861987405481
  max: 1.0
  mean: 0.40000003576278687
  median: 0.0
  min: 0.0
  std: 0.4982728958129883
  ub_ci: 0.5783014516515189
inference_times:
  lb_ci: 2.0653528140525506
  max: 2.3824985027313232
  mean: 2.119906187057495
  median: 2.1361918449401855
  min: 1.7703518867492676
  std: 0.15245233476161957
  ub_ci: 2.1744595600624397
total_profit:
  lb_ci: 24633.55140337442
  max: 28223.125
  mean: 25196.646484375
  median: 24894.49609375
  min: 22161.28515625
  std: 1573.5994873046875
  ub_ci: 25759.74156537558
total_violations:
  lb_ci: 28.54341517454095
  max: 112.57506561279297
  mean: 35.56377410888672
  median: 33.6243782043457
  min: 7.770878791809082
  std: 19.618770599365234
  ub_ci: 42.584133043232484
