feasible_instance:
  lb_ci: 1.0
  max: 1.0
  mean: 1.0
  median: 1.0
  min: 1.0
  std: 0.0
  ub_ci: 1.0
inference_times:
  lb_ci: 7.909926684069924
  max: 9.636415481567383
  mean: 8.142836570739746
  median: 8.133155822753906
  min: 6.43135404586792
  std: 0.6508792042732239
  ub_ci: 8.375746457409567
total_profit:
  lb_ci: 24564.43411598491
  max: 27367.8203125
  mean: 25045.111328125
  median: 25250.828125
  min: 21055.64453125
  std: 1343.2783203125
  ub_ci: 25525.78854026509
total_violations:
  lb_ci: -3.5888676439856466
  max: 114.5634994506836
  mean: 3.8909995555877686
  median: 0.04372362792491913
  min: 0.003197796642780304
  std: 20.902891159057617
  ub_ci: 11.370866755161185
