feasible_instance:
  lb_ci: 0.9013345570481911
  max: 1.0
  mean: 0.9666666984558105
  median: 1.0
  min: 0.0
  std: 0.18257418274879456
  ub_ci: 1.03199883986343
inference_times:
  lb_ci: 14.588481181535549
  max: 19.15766716003418
  mean: 15.167840957641602
  median: 15.177993774414062
  min: 11.127341270446777
  std: 1.6190520524978638
  ub_ci: 15.747200733747654
total_profit:
  lb_ci: 24575.289212794145
  max: 28158.61328125
  mean: 25100.720703125
  median: 24973.0390625
  min: 21915.775390625
  std: 1468.3465576171875
  ub_ci: 25626.152193455855
total_violations:
  lb_ci: -18.74235133015872
  max: 786.8738403320312
  mean: 32.78792190551758
  median: 0.04286978021264076
  min: 0.011266546323895454
  std: 144.00411987304688
  ub_ci: 84.31819514119388
