feasible_instance:
  lb_ci: 1.0
  max: 1.0
  mean: 1.0
  median: 1.0
  min: 1.0
  std: 0.0
  ub_ci: 1.0
inference_times:
  lb_ci: 38.839955042965414
  max: 45.431583404541016
  mean: 39.76194763183594
  median: 39.69187927246094
  min: 35.54902648925781
  std: 2.5765578746795654
  ub_ci: 40.68394022070646
total_profit:
  lb_ci: 42022.860572181584
  max: 45279.453125
  mean: 42457.6953125
  median: 42468.39453125
  min: 40539.27734375
  std: 1215.1690673828125
  ub_ci: 42892.530052818416
total_violations:
  lb_ci: -41.696482375748246
  max: 3429.206298828125
  mean: 208.7344512939453
  median: 0.1284986138343811
  min: 0.0455835685133934
  std: 699.8427124023438
  ub_ci: 459.16538496363887
