feasible_instance:
  lb_ci: 0.9013345570481911
  max: 1.0
  mean: 0.9666666984558105
  median: 1.0
  min: 0.0
  std: 0.18257418274879456
  ub_ci: 1.03199883986343
inference_times:
  lb_ci: 14.804458938698266
  max: 19.6236629486084
  mean: 15.440980911254883
  median: 15.060230255126953
  min: 11.744226455688477
  std: 1.7787948846817017
  ub_ci: 16.0775028838115
total_profit:
  lb_ci: 24483.601387487543
  max: 27990.029296875
  mean: 25003.96875
  median: 24872.59765625
  min: 21829.2734375
  std: 1454.194580078125
  ub_ci: 25524.336112512457
total_violations:
  lb_ci: -18.68638400760311
  max: 785.36376953125
  mean: 32.74569320678711
  median: 0.04339000582695007
  min: 0.0017481001559644938
  std: 143.72970581054688
  ub_ci: 84.17777042117733
