feasible_instance:
  lb_ci: 1.0
  max: 1.0
  mean: 1.0
  median: 1.0
  min: 1.0
  std: 0.0
  ub_ci: 1.0
inference_times:
  lb_ci: 2.071622556632235
  max: 2.3198659420013428
  mean: 2.1239869594573975
  median: 2.1436266899108887
  min: 1.7789002656936646
  std: 0.14633513987064362
  ub_ci: 2.17635136228256
total_profit:
  lb_ci: 24579.013711669642
  max: 28140.697265625
  mean: 25132.1875
  median: 24878.046875
  min: 22159.41796875
  std: 1545.8739013671875
  ub_ci: 25685.361288330358
total_violations:
  lb_ci: -1.6760527618392844
  max: 88.85118103027344
  mean: 4.06613826751709
  median: 0.8756065368652344
  min: 0.6461378335952759
  std: 16.04686164855957
  ub_ci: 9.808329296873463
