feasible_instance:
  lb_ci: 1.0
  max: 1.0
  mean: 1.0
  median: 1.0
  min: 1.0
  std: 0.0
  ub_ci: 1.0
inference_times:
  lb_ci: 7.947717139395408
  max: 9.442797660827637
  mean: 8.197404861450195
  median: 8.044754981994629
  min: 7.041309833526611
  std: 0.6977657675743103
  ub_ci: 8.447092583504983
total_profit:
  lb_ci: 24639.90441502074
  max: 27457.755859375
  mean: 25130.126953125
  median: 25277.6484375
  min: 21084.013671875
  std: 1369.9532470703125
  ub_ci: 25620.34949122926
total_violations:
  lb_ci: -4.783799319946663
  max: 151.37791442871094
  mean: 5.102255344390869
  median: 0.044502560049295425
  min: 0.006499722599983215
  std: 27.627111434936523
  ub_ci: 14.988310008728401
