feasible_instance:
  lb_ci: 0.790813167892416
  max: 1.0
  mean: 0.9000000357627869
  median: 1.0
  min: 0.0
  std: 0.3051285743713379
  ub_ci: 1.0091869036331578
inference_times:
  lb_ci: 21.293807885906013
  max: 24.98579216003418
  mean: 21.783042907714844
  median: 21.41275978088379
  min: 19.24405288696289
  std: 1.367193579673767
  ub_ci: 22.272277929523675
total_profit:
  lb_ci: 33290.51502880669
  max: 36585.78125
  mean: 33944.88671875
  median: 34126.2578125
  min: 29990.912109375
  std: 1828.6768798828125
  ub_ci: 34599.25840869331
total_violations:
  lb_ci: -7.775951212096061
  max: 1877.314697265625
  mean: 133.65176391601562
  median: 0.08803854882717133
  min: 0.017874959856271744
  std: 395.22735595703125
  ub_ci: 275.0794790441273
