feasible_instance:
  lb_ci: 0.25298009361368734
  max: 1.0
  mean: 0.4333333671092987
  median: 0.0
  min: 0.0
  std: 0.5040069222450256
  ub_ci: 0.6136866406049101
inference_times:
  lb_ci: 5.473433900933126
  max: 7.525338649749756
  mean: 5.695217609405518
  median: 5.492007255554199
  min: 4.6834635734558105
  std: 0.6197865009307861
  ub_ci: 5.917001317877909
total_profit:
  lb_ci: 24766.4367777489
  max: 28378.3984375
  mean: 25333.92578125
  median: 25058.8046875
  min: 22479.291015625
  std: 1585.8785400390625
  ub_ci: 25901.4147847511
total_violations:
  lb_ci: 2.2248711786821236
  max: 106.40997314453125
  mean: 8.979425430297852
  median: 4.576647758483887
  min: 0.9144980907440186
  std: 18.875965118408203
  ub_ci: 15.73397968191358
