feasible_instance:
  lb_ci: 0.8425467654482932
  max: 1.0
  mean: 0.9333333969116211
  median: 1.0
  min: 0.0
  std: 0.2537081241607666
  ub_ci: 1.024120028374949
inference_times:
  lb_ci: 7.580969617208058
  max: 8.803290367126465
  mean: 7.811959266662598
  median: 7.84766960144043
  min: 6.072561264038086
  std: 0.6455129981040955
  ub_ci: 8.042948916117137
total_profit:
  lb_ci: 30777.291848090128
  max: 34128.31640625
  mean: 31382.73046875
  median: 31441.515625
  min: 27976.0859375
  std: 1691.9307861328125
  ub_ci: 31988.169089409872
total_violations:
  lb_ci: -83.00267186978579
  max: 5536.2841796875
  mean: 308.0635070800781
  median: 1.1862497329711914
  min: 0.6935864686965942
  std: 1092.85546875
  ub_ci: 699.129686029942
