feasible_instance:
  lb_ci: 0.9013345570481911
  max: 1.0
  mean: 0.9666666984558105
  median: 1.0
  min: 0.0
  std: 0.18257418274879456
  ub_ci: 1.03199883986343
inference_times:
  lb_ci: 52.768378567629476
  max: 62.69963836669922
  mean: 54.56618881225586
  median: 52.73617935180664
  min: 41.52862548828125
  std: 5.024077415466309
  ub_ci: 56.36399905688224
total_profit:
  lb_ci: 33257.62233027367
  max: 36616.5625
  mean: 33919.8828125
  median: 34136.1796875
  min: 29982.46484375
  std: 1850.7225341796875
  ub_ci: 34582.14329472633
total_violations:
  lb_ci: -8.257652649616517
  max: 1054.029052734375
  mean: 70.83064270019531
  median: 0.051900457590818405
  min: 0.016611814498901367
  std: 221.01649475097656
  ub_ci: 149.91893805000714
