feasible_instance:
  lb_ci: 1.0
  max: 1.0
  mean: 1.0
  median: 1.0
  min: 1.0
  std: 0.0
  ub_ci: 1.0
inference_times:
  lb_ci: 4.717166368509046
  max: 6.807140350341797
  mean: 4.915436267852783
  median: 4.9642181396484375
  min: 3.761620044708252
  std: 0.5540758967399597
  ub_ci: 5.11370616719652
total_profit:
  lb_ci: 24579.01388639566
  max: 28140.69921875
  mean: 25132.1875
  median: 24878.044921875
  min: 22159.41796875
  std: 1545.8734130859375
  ub_ci: 25685.36111360434
total_violations:
  lb_ci: -1.6761895579321502
  max: 88.85113525390625
  mean: 4.066007614135742
  median: 0.8754552602767944
  min: 0.6461578607559204
  std: 16.046878814697266
  ub_ci: 9.808204786203635
