inference_times:
  lb_ci: 12.819090108754464
  max: 17.80484390258789
  mean: 13.943150520324707
  median: 11.643739700317383
  min: 10.249553680419922
  std: 3.141247272491455
  ub_ci: 15.06721093189495
total_profit:
  lb_ci: 1275.706007143706
  max: 1553.025390625
  mean: 1305.7923583984375
  median: 1298.578857421875
  min: 1114.3817138671875
  std: 84.07792663574219
  ub_ci: 1335.878709653169
total_violations:
  lb_ci: 0.7545718732114993
  max: 1.3416318893432617
  mean: 0.8079698085784912
  median: 0.772640585899353
  min: 0.534260630607605
  std: 0.14922340214252472
  ub_ci: 0.8613677439454831
