inference_times:
  lb_ci: 11.79873758080466
  max: 15.297216415405273
  mean: 12.60313606262207
  median: 10.607200622558594
  min: 10.219541549682617
  std: 2.2479348182678223
  ub_ci: 13.40753454443948
total_profit:
  lb_ci: 1275.9372923666106
  max: 1518.863525390625
  mean: 1312.0128173828125
  median: 1286.1085205078125
  min: 1184.614990234375
  std: 100.81499481201172
  ub_ci: 1348.0883423990144
total_violations:
  lb_ci: 0.7126323744168049
  max: 1.090739369392395
  mean: 0.7647425532341003
  median: 0.7332073450088501
  min: 0.4621567726135254
  std: 0.14562469720840454
  ub_ci: 0.8168527320513957
