feasible_instance:
  lb_ci: 1.0
  max: 1.0
  mean: 1.0
  median: 1.0
  min: 1.0
  std: 0.0
  ub_ci: 1.0
inference_times:
  lb_ci: 12.272726083499151
  max: 17.430105209350586
  mean: 13.213146209716797
  median: 11.526249885559082
  min: 10.312929153442383
  std: 2.628054618835449
  ub_ci: 14.153566335934443
total_profit:
  lb_ci: 1424.7141903811703
  max: 1669.95654296875
  mean: 1455.97998046875
  median: 1454.2564697265625
  min: 1298.74658203125
  std: 87.37393188476562
  ub_ci: 1487.2457705563297
total_violations:
  lb_ci: 3.0206952088819217e-05
  max: 6.4849853515625e-05
  mean: 3.478130020084791e-05
  median: 3.135204315185547e-05
  min: 1.7881393432617188e-05
  std: 1.2783261809090618e-05
  ub_ci: 3.93556483128766e-05
