feasible_instance:
  lb_ci: 0.0
  max: 0.0
  mean: 0.0
  median: 0.0
  min: 0.0
  std: 0.0
  ub_ci: 0.0
inference_times:
  lb_ci: 13.308409675185171
  max: 19.148948669433594
  mean: 14.565637588500977
  median: 12.41930866241455
  min: 9.879897117614746
  std: 3.5133910179138184
  ub_ci: 15.822865501816782
total_profit:
  lb_ci: 875.3774619841647
  max: 1098.3642578125
  mean: 918.0889282226562
  median: 910.9842529296875
  min: 665.7592163085938
  std: 119.35948944091797
  ub_ci: 960.8003944611478
total_violations:
  lb_ci: 83.1754467812646
  max: 461.65032958984375
  mean: 120.73721313476562
  median: 75.92640686035156
  min: 13.57699203491211
  std: 104.96837615966797
  ub_ci: 158.29897948826664
