feasible_instance:
  lb_ci: 0.0
  max: 0.0
  mean: 0.0
  median: 0.0
  min: 0.0
  std: 0.0
  ub_ci: 0.0
inference_times:
  lb_ci: 12.26682529471578
  max: 18.04947280883789
  mean: 13.449872970581055
  median: 11.179688453674316
  min: 9.873007774353027
  std: 3.3060903549194336
  ub_ci: 14.63292064644633
total_profit:
  lb_ci: 972.681321821994
  max: 1300.849365234375
  mean: 1031.552490234375
  median: 1015.641357421875
  min: 693.3991088867188
  std: 164.51864624023438
  ub_ci: 1090.423658646756
total_violations:
  lb_ci: 83.1754467812646
  max: 461.65032958984375
  mean: 120.73721313476562
  median: 75.92640686035156
  min: 13.57699203491211
  std: 104.96837615966797
  ub_ci: 158.29897948826664
