inference_times:
  lb_ci: 9.315375774987492
  max: 11.158267974853516
  mean: 9.734668731689453
  median: 8.676413536071777
  min: 8.487239837646484
  std: 1.171736717224121
  ub_ci: 10.153961688391414
total_profit:
  lb_ci: 1290.0741600434574
  max: 1578.491943359375
  mean: 1332.4649658203125
  median: 1310.10595703125
  min: 1172.635986328125
  std: 118.46338653564453
  ub_ci: 1374.8557715971676
total_violations:
  lb_ci: 0.06426756724850174
  max: 2.913917064666748
  mean: 0.3722686469554901
  median: 3.457069396972656e-05
  min: 2.288818359375e-05
  std: 0.8607255816459656
  ub_ci: 0.6802697266624784
