inference_times:
  lb_ci: 9.92686680293666
  max: 12.852754592895508
  mean: 10.66644287109375
  median: 8.804354667663574
  min: 8.481621742248535
  std: 2.0667850971221924
  ub_ci: 11.40601893925084
total_profit:
  lb_ci: 1295.4121978024584
  max: 1623.763916015625
  mean: 1329.9444580078125
  median: 1321.60009765625
  min: 1120.890869140625
  std: 96.50225830078125
  ub_ci: 1364.4767182131666
total_violations:
  lb_ci: -0.08009566795396805
  max: 4.056979656219482
  mean: 0.1931246966123581
  median: 3.707408905029297e-05
  min: 2.0384788513183594e-05
  std: 0.7635290026664734
  ub_ci: 0.46634506117868424
