inference_times:
  lb_ci: 8.705248290457623
  max: 9.624761581420898
  mean: 8.900824546813965
  median: 8.510200500488281
  min: 8.217848777770996
  std: 0.5465483665466309
  ub_ci: 9.096400803170306
total_profit:
  lb_ci: 1332.8711456699732
  max: 1642.66162109375
  mean: 1376.0859375
  median: 1341.5081787109375
  min: 1194.6929931640625
  std: 120.76605987548828
  ub_ci: 1419.3007293300268
total_violations:
  lb_ci: 0.15269509948792448
  max: 4.150607109069824
  mean: 0.5023163557052612
  median: 4.315376281738281e-05
  min: 2.3484230041503906e-05
  std: 0.977035403251648
  ub_ci: 0.851937611922598
