inference_times:
  lb_ci: 9.965882398188533
  max: 12.863590240478516
  mean: 10.715336799621582
  median: 8.783590316772461
  min: 8.487546920776367
  std: 2.094390630722046
  ub_ci: 11.46479120105463
total_profit:
  lb_ci: 1392.3908394241391
  max: 1634.6048583984375
  mean: 1426.3349609375
  median: 1422.60546875
  min: 1241.5731201171875
  std: 94.85867309570312
  ub_ci: 1460.2790824508609
total_violations:
  lb_ci: 0.38670826009663245
  max: 4.892809867858887
  mean: 0.8511633276939392
  median: 0.19491076469421387
  min: 2.968311309814453e-05
  std: 1.2979446649551392
  ub_ci: 1.315618395291246
