inference_times:
  lb_ci: 10.205710695187044
  max: 13.66518497467041
  mean: 10.9982328414917
  median: 9.091267585754395
  min: 8.658041000366211
  std: 2.2147457599639893
  ub_ci: 11.790754987796355
total_profit:
  lb_ci: 1368.2044648133522
  max: 1633.927734375
  mean: 1406.0810546875
  median: 1381.7840576171875
  min: 1222.131103515625
  std: 105.8481674194336
  ub_ci: 1443.9576445616478
total_violations:
  lb_ci: -0.009153548490145269
  max: 20.48930549621582
  mean: 1.3302680253982544
  median: 5.4001808166503906e-05
  min: 2.2411346435546875e-05
  std: 3.7430856227874756
  ub_ci: 2.669689599286654
