inference_times:
  lb_ci: 11.651045306282061
  max: 14.750798225402832
  mean: 12.315766334533691
  median: 10.72260856628418
  min: 10.193037986755371
  std: 1.8575986623764038
  ub_ci: 12.980487362785322
total_profit:
  lb_ci: 1267.19443743784
  max: 1637.98095703125
  mean: 1325.04150390625
  median: 1304.64111328125
  min: 1036.90673828125
  std: 161.65673828125
  ub_ci: 1382.88857037466
total_violations:
  lb_ci: 0.22804765980130787
  max: 0.6757158637046814
  mean: 0.29163938760757446
  median: 0.25773340463638306
  min: 0.0677785873413086
  std: 0.17771050333976746
  ub_ci: 0.35523111541384106
