inference_times:
  lb_ci: 11.423028228147672
  max: 14.203104972839355
  mean: 12.100441932678223
  median: 10.561849594116211
  min: 10.046867370605469
  std: 1.8930690288543701
  ub_ci: 12.777855637208773
total_profit:
  lb_ci: 1248.080090722934
  max: 1525.5255126953125
  mean: 1296.18701171875
  median: 1300.953125
  min: 1044.399169921875
  std: 134.4373779296875
  ub_ci: 1344.293932714566
total_violations:
  lb_ci: 0.08599379594093608
  max: 0.23607873916625977
  mean: 0.10423910617828369
  median: 0.10582005977630615
  min: 0.008051872253417969
  std: 0.050987500697374344
  ub_ci: 0.1224844164156313
