inference_times:
  lb_ci: 11.56651511943395
  max: 15.605907440185547
  mean: 12.401368141174316
  median: 10.612588882446289
  min: 9.87842845916748
  std: 2.3330416679382324
  ub_ci: 13.236221162914683
total_profit:
  lb_ci: 1226.1328179702077
  max: 1595.3292236328125
  mean: 1271.96728515625
  median: 1283.386474609375
  min: 980.4083862304688
  std: 128.08688354492188
  ub_ci: 1317.8017523422923
total_violations:
  lb_ci: 0.12105215078205225
  max: 0.4682212471961975
  mean: 0.1628204882144928
  median: 0.13676702976226807
  min: 0.019325733184814453
  std: 0.11672386527061462
  ub_ci: 0.20458882564693334
