feasible_instance:
  lb_ci: 1.0
  max: 1.0
  mean: 1.0
  median: 1.0
  min: 1.0
  std: 0.0
  ub_ci: 1.0
inference_times:
  lb_ci: 14.383486115615849
  max: 21.001718521118164
  mean: 15.60499382019043
  median: 15.727826118469238
  min: 10.578472137451172
  std: 3.4135689735412598
  ub_ci: 16.82650152476501
total_profit:
  lb_ci: 1317.7968623354086
  max: 1576.611572265625
  mean: 1355.4517822265625
  median: 1334.568359375
  min: 1194.4189453125
  std: 105.22869873046875
  ub_ci: 1393.1067021177164
total_violations:
  lb_ci: 0.6997662743022005
  max: 1.2105026245117188
  mean: 0.7474293112754822
  median: 0.7412561178207397
  min: 0.5233428478240967
  std: 0.13319692015647888
  ub_ci: 0.7950923482487638
