feasible_instance:
  lb_ci: 1.0
  max: 1.0
  mean: 1.0
  median: 1.0
  min: 1.0
  std: 0.0
  ub_ci: 1.0
inference_times:
  lb_ci: 13.010634425206176
  max: 18.02604866027832
  mean: 14.005646705627441
  median: 12.183598518371582
  min: 10.806710243225098
  std: 2.7806153297424316
  ub_ci: 15.000658986048707
total_profit:
  lb_ci: 1182.82137415096
  max: 1453.9150390625
  mean: 1211.03466796875
  median: 1195.58837890625
  min: 1049.3564453125
  std: 78.84356689453125
  ub_ci: 1239.24796178654
total_violations:
  lb_ci: 1.7147627564355805
  max: 1.9925857782363892
  mean: 1.7580832242965698
  median: 1.748262882232666
  min: 1.5232665538787842
  std: 0.12106137722730637
  ub_ci: 1.8014036921575591
