feasible_instance:
  lb_ci: 1.0
  max: 1.0
  mean: 1.0
  median: 1.0
  min: 1.0
  std: 0.0
  ub_ci: 1.0
inference_times:
  lb_ci: 13.418155480231784
  max: 19.396249771118164
  mean: 14.400195121765137
  median: 13.028181076049805
  min: 10.910674095153809
  std: 2.7443625926971436
  ub_ci: 15.38223476329849
total_profit:
  lb_ci: 1210.9556884047781
  max: 1492.21826171875
  mean: 1246.7227783203125
  median: 1231.501953125
  min: 1073.2314453125
  std: 99.95305633544922
  ub_ci: 1282.4898682358469
total_violations:
  lb_ci: 1.707575039463042
  max: 2.139019727706909
  mean: 1.7508387565612793
  median: 1.7337188720703125
  min: 1.5462639331817627
  std: 0.12090278416872025
  ub_ci: 1.7941024736595166
