feasible_instance:
  lb_ci: 1.0
  max: 1.0
  mean: 1.0
  median: 1.0
  min: 1.0
  std: 0.0
  ub_ci: 1.0
inference_times:
  lb_ci: 10.550629806358957
  max: 12.05579948425293
  mean: 10.686173439025879
  median: 10.528411865234375
  min: 10.372779846191406
  std: 0.3787839710712433
  ub_ci: 10.8217170716928
total_profit:
  lb_ci: 1210.9556884047781
  max: 1492.21826171875
  mean: 1246.7227783203125
  median: 1231.501953125
  min: 1073.2314453125
  std: 99.95305633544922
  ub_ci: 1282.4898682358469
total_violations:
  lb_ci: 0.0
  max: 0.0
  mean: 0.0
  median: 0.0
  min: 0.0
  std: 0.0
  ub_ci: 0.0
