feasible_instance:
  lb_ci: 0.0544175309423755
  max: 1.0
  mean: 0.20000001788139343
  median: 0.0
  min: 0.0
  std: 0.4068380892276764
  ub_ci: 0.34558250482041136
inference_times:
  lb_ci: 11.399370773686691
  max: 13.57223129272461
  mean: 11.92431640625
  median: 10.812248229980469
  min: 10.333625793457031
  std: 1.4669888019561768
  ub_ci: 12.449262038813309
total_profit:
  lb_ci: 1182.82137415096
  max: 1453.9150390625
  mean: 1211.03466796875
  median: 1195.58837890625
  min: 1049.3564453125
  std: 78.84356689453125
  ub_ci: 1239.24796178654
total_violations:
  lb_ci: 0.030348683582771444
  max: 0.1471468210220337
  mean: 0.04437657445669174
  median: 0.03589034080505371
  min: 0.0
  std: 0.03920169547200203
  ub_ci: 0.05840446533061204
