feasible_instance:
  lb_ci: 0.0
  max: 0.0
  mean: 0.0
  median: 0.0
  min: 0.0
  std: 0.0
  ub_ci: 0.0
inference_times:
  lb_ci: 13.232360328885822
  max: 17.647409439086914
  mean: 14.273987770080566
  median: 11.968092918395996
  min: 10.994528770446777
  std: 2.910883903503418
  ub_ci: 15.315615211275311
total_profit:
  lb_ci: 1210.9556884047781
  max: 1492.21826171875
  mean: 1246.7227783203125
  median: 1231.501953125
  min: 1073.2314453125
  std: 99.95305633544922
  ub_ci: 1282.4898682358469
total_violations:
  lb_ci: 1.080213323259235
  max: 1.3537156581878662
  mean: 1.1303247213363647
  median: 1.1144297122955322
  min: 0.8119292259216309
  std: 0.14003899693489075
  ub_ci: 1.1804361194134945
