feasible_instance:
  lb_ci: 1.0
  max: 1.0
  mean: 1.0
  median: 1.0
  min: 1.0
  std: 0.0
  ub_ci: 1.0
inference_times:
  lb_ci: 11.973506619077453
  max: 15.675084114074707
  mean: 12.674975395202637
  median: 11.139728546142578
  min: 10.588014602661133
  std: 1.9602922201156616
  ub_ci: 13.37644417132782
total_profit:
  lb_ci: 1182.82137415096
  max: 1453.9150390625
  mean: 1211.03466796875
  median: 1195.58837890625
  min: 1049.3564453125
  std: 78.84356689453125
  ub_ci: 1239.24796178654
total_violations:
  lb_ci: 0.0
  max: 0.0
  mean: 0.0
  median: 0.0
  min: 0.0
  std: 0.0
  ub_ci: 0.0
