feasible_instance:
  lb_ci: 0.0
  max: 0.0
  mean: 0.0
  median: 0.0
  min: 0.0
  std: 0.0
  ub_ci: 0.0
inference_times:
  lb_ci: 11.59329891659709
  max: 16.228315353393555
  mean: 12.633952140808105
  median: 10.126044273376465
  min: 9.441690444946289
  std: 2.9081614017486572
  ub_ci: 13.67460536501912
total_profit:
  lb_ci: 1073.613794607586
  max: 1391.415283203125
  mean: 1113.033447265625
  median: 1115.80908203125
  min: 847.751220703125
  std: 110.16033935546875
  ub_ci: 1152.453099923664
total_violations:
  lb_ci: 30.3530559200708
  max: 85.26521301269531
  mean: 37.549644470214844
  median: 31.371829986572266
  min: 9.503198623657227
  std: 20.11125373840332
  ub_ci: 44.746233020358886
