feasible_instance:
  lb_ci: 1.0
  max: 1.0
  mean: 1.0
  median: 1.0
  min: 1.0
  std: 0.0
  ub_ci: 1.0
inference_times:
  lb_ci: 3.8306169948730595
  max: 5.188048362731934
  mean: 3.9702131748199463
  median: 3.8756768703460693
  min: 3.198606252670288
  std: 0.39010903239250183
  ub_ci: 4.109809354766833
total_profit:
  lb_ci: 21388.05489084984
  max: 24574.56640625
  mean: 21871.1015625
  median: 21828.8359375
  min: 19515.060546875
  std: 1349.89990234375
  ub_ci: 22354.14823415016
total_violations:
  lb_ci: 0.017112395154993965
  max: 15.373327255249023
  mean: 1.0025283098220825
  median: 0.4020671546459198
  min: 0.08013738691806793
  std: 2.753797769546509
  ub_ci: 1.987944224489171
