feasible_instance:
  lb_ci: 0.7429454110634718
  max: 1.0
  mean: 0.8666667342185974
  median: 1.0
  min: 0.0
  std: 0.34574589133262634
  ub_ci: 0.990388057373723
inference_times:
  lb_ci: 13.539134846744124
  max: 18.14557647705078
  mean: 13.946017265319824
  median: 13.543190956115723
  min: 12.244380950927734
  std: 1.1370548009872437
  ub_ci: 14.352899683895524
total_profit:
  lb_ci: 39903.93068626231
  max: 43568.9296875
  mean: 40397.45703125
  median: 40312.4609375
  min: 37919.4296875
  std: 1379.1859130859375
  ub_ci: 40890.98337623769
total_violations:
  lb_ci: -345.7169983623701
  max: 25312.2734375
  mean: 1480.5977783203125
  median: 0.08793389052152634
  min: 0.02197393774986267
  std: 5103.73486328125
  ub_ci: 3306.912555002995
