feasible_instance:
  lb_ci: 0.8425467654482932
  max: 1.0
  mean: 0.9333333969116211
  median: 1.0
  min: 0.0
  std: 0.2537081241607666
  ub_ci: 1.024120028374949
inference_times:
  lb_ci: 8.94375505684939
  max: 11.373990058898926
  mean: 9.27799129486084
  median: 9.223044395446777
  min: 7.669119358062744
  std: 0.9340411424636841
  ub_ci: 9.61222753287229
total_profit:
  lb_ci: 31357.94695517515
  max: 35274.8828125
  mean: 31993.173828125
  median: 32090.482421875
  min: 28127.88671875
  std: 1775.1756591796875
  ub_ci: 32628.40070107485
total_violations:
  lb_ci: -1.6929526684771616
  max: 1263.8123779296875
  mean: 104.19801330566406
  median: 0.03870582953095436
  min: 0.01609019562602043
  std: 295.9179992675781
  ub_ci: 210.0889792798053
