feasible_instance:
  lb_ci: 1.0
  max: 1.0
  mean: 1.0
  median: 1.0
  min: 1.0
  std: 0.0
  ub_ci: 1.0
inference_times:
  lb_ci: 4.833163444897861
  max: 6.472134113311768
  mean: 5.0509467124938965
  median: 4.966188430786133
  min: 3.8443284034729004
  std: 0.6086070537567139
  ub_ci: 5.268729980089932
total_profit:
  lb_ci: 21570.425126202455
  max: 25018.23828125
  mean: 22060.23828125
  median: 22055.814453125
  min: 19705.06640625
  std: 1368.8092041015625
  ub_ci: 22550.051436297545
total_violations:
  lb_ci: -0.889046863198419
  max: 32.50482177734375
  mean: 1.232166051864624
  median: 0.009172024205327034
  min: 0.003058598842471838
  std: 5.9278435707092285
  ub_ci: 3.353378966927667
