feasible_instance:
  lb_ci: 0.42169860795312586
  max: 1.0
  mean: 0.6000000238418579
  median: 1.0
  min: 0.0
  std: 0.4982728958129883
  ub_ci: 0.77830143973059
inference_times:
  lb_ci: 12.812290157256891
  max: 14.619305610656738
  mean: 13.044699668884277
  median: 12.945959091186523
  min: 11.75977611541748
  std: 0.6494808793067932
  ub_ci: 13.277109180511664
total_profit:
  lb_ci: 38309.58792060837
  max: 42032.6953125
  mean: 38880.1015625
  median: 38541.34375
  min: 34912.25390625
  std: 1594.3310546875
  ub_ci: 39450.61520439163
total_violations:
  lb_ci: 424.7779721482091
  max: 22669.25
  mean: 2044.127685546875
  median: 2.1332247257232666
  min: 1.627788782119751
  std: 4525.35986328125
  ub_ci: 3663.4773989455407
