feasible_instance:
  lb_ci: 1.0
  max: 1.0
  mean: 1.0
  median: 1.0
  min: 1.0
  std: 0.0
  ub_ci: 1.0
inference_times:
  lb_ci: 11.697446504599645
  max: 16.351505279541016
  mean: 12.589363098144531
  median: 10.578937530517578
  min: 9.880208969116211
  std: 2.492508888244629
  ub_ci: 13.481279691689418
total_profit:
  lb_ci: 1348.3060362447377
  max: 1538.387451171875
  mean: 1372.9326171875
  median: 1389.125244140625
  min: 1204.2705078125
  std: 68.82030487060547
  ub_ci: 1397.5591981302623
total_violations:
  lb_ci: 0.9124765875339411
  max: 1.3886630535125732
  mean: 0.9717630743980408
  median: 0.9554551839828491
  min: 0.70622718334198
  std: 0.16567927598953247
  ub_ci: 1.0310495612621404
