feasible_instance:
  lb_ci: 1.0
  max: 1.0
  mean: 1.0
  median: 1.0
  min: 1.0
  std: 0.0
  ub_ci: 1.0
inference_times:
  lb_ci: 13.00842667295924
  max: 19.339563369750977
  mean: 14.16955280303955
  median: 12.807535171508789
  min: 10.078474044799805
  std: 3.2448294162750244
  ub_ci: 15.330678933119861
total_profit:
  lb_ci: 1296.8491729080918
  max: 1608.82275390625
  mean: 1330.09521484375
  median: 1322.685791015625
  min: 1123.86328125
  std: 92.90785217285156
  ub_ci: 1363.3412567794082
total_violations:
  lb_ci: 9.245034206506053e-06
  max: 2.682209014892578e-05
  mean: 1.1106332749477588e-05
  median: 9.775161743164062e-06
  min: 4.887580871582031e-06
  std: 5.201498879614519e-06
  ub_ci: 1.2967631292449122e-05
