feasible_instance:
  lb_ci: 1.0
  max: 1.0
  mean: 1.0
  median: 1.0
  min: 1.0
  std: 0.0
  ub_ci: 1.0
inference_times:
  lb_ci: 12.402340670975352
  max: 16.798343658447266
  mean: 13.336222648620605
  median: 12.707487106323242
  min: 10.442229270935059
  std: 2.609783411026001
  ub_ci: 14.270104626265859
total_profit:
  lb_ci: 1331.6884559014659
  max: 1615.068359375
  mean: 1373.240478515625
  median: 1368.27783203125
  min: 1181.535888671875
  std: 116.1193618774414
  ub_ci: 1414.7925011297841
total_violations:
  lb_ci: 9.87518985916314e-06
  max: 5.125999450683594e-05
  mean: 1.3538202438212465e-05
  median: 1.0013580322265625e-05
  min: 3.6954879760742188e-06
  std: 1.0236485650239047e-05
  ub_ci: 1.720121501726179e-05
