feasible_instance:
  lb_ci: 1.0
  max: 1.0
  mean: 1.0
  median: 1.0
  min: 1.0
  std: 0.0
  ub_ci: 1.0
inference_times:
  lb_ci: 11.612145135566129
  max: 17.61359405517578
  mean: 12.721731185913086
  median: 11.554471015930176
  min: 9.037644386291504
  std: 3.1007978916168213
  ub_ci: 13.831317236260043
total_profit:
  lb_ci: 1230.3934812077707
  max: 1590.669677734375
  mean: 1272.0609130859375
  median: 1259.6600341796875
  min: 1072.062255859375
  std: 116.44187927246094
  ub_ci: 1313.7283449641043
total_violations:
  lb_ci: 2.8317720646415294e-05
  max: 4.4465065002441406e-05
  mean: 3.098646993748844e-05
  median: 3.266334533691406e-05
  min: 1.3589859008789062e-05
  std: 7.45796342016547e-06
  ub_ci: 3.3655219228561576e-05
