inference_times:
  lb_ci: 10.218870485691113
  max: 13.493315696716309
  mean: 11.022894859313965
  median: 8.907933235168457
  min: 8.69274616241455
  std: 2.246889352798462
  ub_ci: 11.826919232936817
total_profit:
  lb_ci: 1306.1671494014015
  max: 1606.0556640625
  mean: 1348.7825927734375
  median: 1316.100830078125
  min: 1193.343994140625
  std: 119.09114837646484
  ub_ci: 1391.3980361454735
total_violations:
  lb_ci: 0.08181410139339776
  max: 2.9065375328063965
  mean: 0.32314974069595337
  median: 3.8623809814453125e-05
  min: 2.0265579223632812e-05
  std: 0.6744254231452942
  ub_ci: 0.564485379998509
