feasible_instance:
  lb_ci: 1.0
  max: 1.0
  mean: 1.0
  median: 1.0
  min: 1.0
  std: 0.0
  ub_ci: 1.0
inference_times:
  lb_ci: 11.044285461204662
  max: 15.224042892456055
  mean: 12.095284461975098
  median: 9.447193145751953
  min: 8.987584114074707
  std: 2.937073230743408
  ub_ci: 13.146283462745533
total_profit:
  lb_ci: 1303.3955033477182
  max: 1589.38037109375
  mean: 1344.255859375
  median: 1316.100830078125
  min: 1193.343994140625
  std: 114.18646240234375
  ub_ci: 1385.1162154022818
total_violations:
  lb_ci: 3.2221684192396046e-05
  max: 5.1975250244140625e-05
  mean: 3.530184767441824e-05
  median: 3.504753112792969e-05
  min: 2.0265579223632812e-05
  std: 8.60768250277033e-06
  ub_ci: 3.8382011156440436e-05
