feasible_instance:
  lb_ci: 1.0
  max: 1.0
  mean: 1.0
  median: 1.0
  min: 1.0
  std: 0.0
  ub_ci: 1.0
inference_times:
  lb_ci: 11.434827408292207
  max: 16.656309127807617
  mean: 12.494747161865234
  median: 10.48222541809082
  min: 8.544541358947754
  std: 2.962002754211426
  ub_ci: 13.554666915438261
total_profit:
  lb_ci: 1384.9837739212699
  max: 1619.39306640625
  mean: 1415.6368408203125
  median: 1418.474853515625
  min: 1207.321044921875
  std: 85.6616439819336
  ub_ci: 1446.2899077193551
total_violations:
  lb_ci: 4.5722837988120776e-05
  max: 0.00011491775512695312
  mean: 5.1399074436631054e-05
  median: 4.935264587402344e-05
  min: 3.2782554626464844e-05
  std: 1.586254802532494e-05
  ub_ci: 5.707531088514133e-05
