feasible_instance:
  lb_ci: 1.0
  max: 1.0
  mean: 1.0
  median: 1.0
  min: 1.0
  std: 0.0
  ub_ci: 1.0
inference_times:
  lb_ci: 10.63591588170724
  max: 14.90017032623291
  mean: 11.581581115722656
  median: 9.232406616210938
  min: 8.784024238586426
  std: 2.642712354660034
  ub_ci: 12.527246349738073
total_profit:
  lb_ci: 1363.796675931392
  max: 1624.923828125
  mean: 1399.6646728515625
  median: 1378.1444091796875
  min: 1222.131103515625
  std: 100.23504638671875
  ub_ci: 1435.532669771733
total_violations:
  lb_ci: 4.1790546000130285e-05
  max: 0.00010132789611816406
  mean: 4.6837332774885e-05
  median: 4.684925079345703e-05
  min: 2.2411346435546875e-05
  std: 1.4103517059993464e-05
  ub_ci: 5.188411954963971e-05
