feasible_instance:
  lb_ci: 1.0
  max: 1.0
  mean: 1.0
  median: 1.0
  min: 1.0
  std: 0.0
  ub_ci: 1.0
inference_times:
  lb_ci: 10.675364683675303
  max: 15.247895240783691
  mean: 11.61539363861084
  median: 9.227277755737305
  min: 8.900835037231445
  std: 2.6269614696502686
  ub_ci: 12.555422593546377
total_profit:
  lb_ci: 1287.3964612966063
  max: 1570.4375
  mean: 1327.6539306640625
  median: 1310.10595703125
  min: 1172.635986328125
  std: 112.50166320800781
  ub_ci: 1367.9114000315187
total_violations:
  lb_ci: 3.243969831684965e-05
  max: 5.7697296142578125e-05
  mean: 3.551245026756078e-05
  median: 3.3855438232421875e-05
  min: 2.288818359375e-05
  std: 8.586970579926856e-06
  ub_ci: 3.858520221827191e-05
