feasible_instance:
  lb_ci: 1.0
  max: 1.0
  mean: 1.0
  median: 1.0
  min: 1.0
  std: 0.0
  ub_ci: 1.0
inference_times:
  lb_ci: 10.89535568243467
  max: 17.838212966918945
  mean: 11.888426780700684
  median: 9.96497917175293
  min: 8.900810241699219
  std: 2.775190591812134
  ub_ci: 12.881497878966698
total_profit:
  lb_ci: 1206.100484101296
  max: 1585.45263671875
  mean: 1254.1513671875
  median: 1254.6025390625
  min: 1017.224609375
  std: 134.28077697753906
  ub_ci: 1302.202250273704
total_violations:
  lb_ci: 2.73639936855481e-05
  max: 3.9696693420410156e-05
  mean: 2.959966877824627e-05
  median: 2.956390380859375e-05
  min: 1.7762184143066406e-05
  std: 6.247714281926164e-06
  ub_ci: 3.183534387094444e-05
