feasible_instance:
  lb_ci: 1.0
  max: 1.0
  mean: 1.0
  median: 1.0
  min: 1.0
  std: 0.0
  ub_ci: 1.0
inference_times:
  lb_ci: 10.830567830013598
  max: 15.495956420898438
  mean: 11.797348976135254
  median: 9.613998413085938
  min: 8.845738410949707
  std: 2.7017219066619873
  ub_ci: 12.76413012225691
total_profit:
  lb_ci: 1384.2184197377167
  max: 1627.120361328125
  mean: 1416.0045166015625
  median: 1420.66162109375
  min: 1241.5731201171875
  std: 88.82795715332031
  ub_ci: 1447.7906134654083
total_violations:
  lb_ci: 4.424214157683702e-05
  max: 6.246566772460938e-05
  mean: 4.711151268566027e-05
  median: 4.553794860839844e-05
  min: 2.968311309814453e-05
  std: 8.018611879379023e-06
  ub_ci: 4.9980883794483526e-05
