feasible_instance:
  lb_ci: 1.0
  max: 1.0
  mean: 1.0
  median: 1.0
  min: 1.0
  std: 0.0
  ub_ci: 1.0
inference_times:
  lb_ci: 10.96825000103736
  max: 16.25266456604004
  mean: 11.943547248840332
  median: 10.262372016906738
  min: 8.847648620605469
  std: 2.725520610809326
  ub_ci: 12.918844496643304
total_profit:
  lb_ci: 1294.3136393382752
  max: 1616.82958984375
  mean: 1328.1162109375
  median: 1321.60009765625
  min: 1120.890869140625
  std: 94.46310424804688
  ub_ci: 1361.9187825367248
total_violations:
  lb_ci: 3.2542896036245406e-05
  max: 5.53131103515625e-05
  mean: 3.589789412217215e-05
  median: 3.600120544433594e-05
  min: 2.0384788513183594e-05
  std: 9.375722584081814e-06
  ub_ci: 3.925289220809889e-05
