feasible_instance:
  lb_ci: 1.0
  max: 1.0
  mean: 1.0
  median: 1.0
  min: 1.0
  std: 0.0
  ub_ci: 1.0
inference_times:
  lb_ci: 11.311850691510271
  max: 16.5041561126709
  mean: 12.283422470092773
  median: 11.814933776855469
  min: 9.004384994506836
  std: 2.7151095867156982
  ub_ci: 13.254994248675276
total_profit:
  lb_ci: 1328.8151163403452
  max: 1612.1966552734375
  mean: 1369.57763671875
  median: 1338.0068359375
  min: 1194.6929931640625
  std: 113.91305541992188
  ub_ci: 1410.3401570971548
total_violations:
  lb_ci: 3.609915590339728e-05
  max: 8.547306060791016e-05
  mean: 4.063447704538703e-05
  median: 3.731250762939453e-05
  min: 2.3484230041503906e-05
  std: 1.2674198842432816e-05
  ub_ci: 4.5169798187376777e-05
