feasible_instance:
  lb_ci: 1.0
  max: 1.0
  mean: 1.0
  median: 1.0
  min: 1.0
  std: 0.0
  ub_ci: 1.0
inference_times:
  lb_ci: 11.474934105505389
  max: 18.501562118530273
  mean: 12.577391624450684
  median: 11.841554641723633
  min: 8.810751914978027
  std: 3.0808768272399902
  ub_ci: 13.679849143395979
total_profit:
  lb_ci: 1360.3771183004535
  max: 1630.2486572265625
  mean: 1390.9598388671875
  median: 1408.712158203125
  min: 1171.164306640625
  std: 85.46505737304688
  ub_ci: 1421.5425594339215
total_violations:
  lb_ci: 3.862402089089707e-05
  max: 0.0001055002212524414
  mean: 4.421472840476781e-05
  median: 4.279613494873047e-05
  min: 2.7418136596679688e-05
  std: 1.5623532817699015e-05
  ub_ci: 4.980543591863855e-05
