feasible_instance:
  lb_ci: 1.0
  max: 1.0
  mean: 1.0
  median: 1.0
  min: 1.0
  std: 0.0
  ub_ci: 1.0
inference_times:
  lb_ci: 10.097777557518905
  max: 10.757481575012207
  mean: 10.160375595092773
  median: 10.133478164672852
  min: 9.887628555297852
  std: 0.17493358254432678
  ub_ci: 10.222973632666642
total_profit:
  lb_ci: 1376.274476004405
  max: 1602.89404296875
  mean: 1410.3406982421875
  median: 1423.925048828125
  min: 1211.6842041015625
  std: 95.19989013671875
  ub_ci: 1444.40692047997
total_violations:
  lb_ci: 0.06280682404045594
  max: 0.2532593905925751
  mean: 0.08308437466621399
  median: 0.0780951976776123
  min: 0.0001087188720703125
  std: 0.05666670575737953
  ub_ci: 0.10336192529197204
