feasible_instance:
  lb_ci: 1.0
  max: 1.0
  mean: 1.0
  median: 1.0
  min: 1.0
  std: 0.0
  ub_ci: 1.0
inference_times:
  lb_ci: 10.236319799350131
  max: 11.11837387084961
  mean: 10.328566551208496
  median: 10.27597713470459
  min: 9.992873191833496
  std: 0.2577885091304779
  ub_ci: 10.420813303066861
total_profit:
  lb_ci: 1387.5751452765878
  max: 1647.94677734375
  mean: 1427.4180908203125
  median: 1456.031982421875
  min: 1247.76708984375
  std: 111.34325408935547
  ub_ci: 1467.2610363640372
total_violations:
  lb_ci: 0.2251050752144392
  max: 0.4030250310897827
  mean: 0.25479522347450256
  median: 0.2567671537399292
  min: 0.04385685920715332
  std: 0.08297071605920792
  ub_ci: 0.28448537173456595
