feasible_instance:
  lb_ci: 1.0
  max: 1.0
  mean: 1.0
  median: 1.0
  min: 1.0
  std: 0.0
  ub_ci: 1.0
inference_times:
  lb_ci: 13.772372962941924
  max: 20.669849395751953
  mean: 15.031176567077637
  median: 13.824966430664062
  min: 10.289457321166992
  std: 3.517794370651245
  ub_ci: 16.28998017121335
total_profit:
  lb_ci: 1396.8446999540415
  max: 1735.859619140625
  mean: 1447.6866455078125
  median: 1411.91552734375
  min: 1211.5496826171875
  std: 142.08055114746094
  ub_ci: 1498.5285910615835
total_violations:
  lb_ci: 0.10059286261360177
  max: 0.3363768458366394
  mean: 0.12479529529809952
  median: 0.1312260627746582
  min: 0.022272586822509766
  std: 0.06763499975204468
  ub_ci: 0.14899772798259728
