inference_times:
  lb_ci: 11.534621266649609
  max: 14.63070011138916
  mean: 12.293120384216309
  median: 10.392864227294922
  min: 10.039281845092773
  std: 2.119666576385498
  ub_ci: 13.051619501783009
total_profit:
  lb_ci: 1260.7566378149788
  max: 1529.1661376953125
  mean: 1297.0721435546875
  median: 1275.303955078125
  min: 1158.226806640625
  std: 101.48563385009766
  ub_ci: 1333.3876492943962
total_violations:
  lb_ci: 0.6569351773025891
  max: 1.0473804473876953
  mean: 0.7130945920944214
  median: 0.683391809463501
  min: 0.4768449068069458
  std: 0.1569405049085617
  ub_ci: 0.7692540068862537
