inference_times:
  lb_ci: 11.697425093087565
  max: 15.43887710571289
  mean: 12.387773513793945
  median: 11.259171485900879
  min: 10.118485450744629
  std: 1.9292157888412476
  ub_ci: 13.078121934500325
total_profit:
  lb_ci: 1297.98751627726
  max: 1530.5107421875
  mean: 1331.580078125
  median: 1317.056640625
  min: 1185.9478759765625
  std: 93.876220703125
  ub_ci: 1365.17263997274
total_violations:
  lb_ci: 0.7849784321863053
  max: 1.2315114736557007
  mean: 0.8442037105560303
  median: 0.8152221441268921
  min: 0.5101624727249146
  std: 0.1655082255601883
  ub_ci: 0.9034289889257553
