feasible_instance:
  lb_ci: 1.0
  max: 1.0
  mean: 1.0
  median: 1.0
  min: 1.0
  std: 0.0
  ub_ci: 1.0
inference_times:
  lb_ci: 12.09632975423819
  max: 16.131765365600586
  mean: 13.043216705322266
  median: 10.747281074523926
  min: 10.153573036193848
  std: 2.6461265087127686
  ub_ci: 13.990103656406342
total_profit:
  lb_ci: 1211.1878535748767
  max: 1534.734619140625
  mean: 1249.1722412109375
  median: 1245.4566650390625
  min: 1059.3629150390625
  std: 106.1494140625
  ub_ci: 1287.1566288469983
total_violations:
  lb_ci: 0.6614343782246729
  max: 1.1877005100250244
  mean: 0.7140595316886902
  median: 0.6814291477203369
  min: 0.5242828130722046
  std: 0.14706382155418396
  ub_ci: 0.7666846851527075
