feasible_instance:
  lb_ci: 1.0
  max: 1.0
  mean: 1.0
  median: 1.0
  min: 1.0
  std: 0.0
  ub_ci: 1.0
inference_times:
  lb_ci: 11.216878443756375
  max: 14.456846237182617
  mean: 11.919548034667969
  median: 10.36115837097168
  min: 9.815043449401855
  std: 1.9636479616165161
  ub_ci: 12.622217625579562
total_profit:
  lb_ci: 1260.7566378149788
  max: 1529.1661376953125
  mean: 1297.0721435546875
  median: 1275.303955078125
  min: 1158.226806640625
  std: 101.48563385009766
  ub_ci: 1333.3876492943962
total_violations:
  lb_ci: 0.6569351773025891
  max: 1.0473804473876953
  mean: 0.7130945920944214
  median: 0.683391809463501
  min: 0.4768449068069458
  std: 0.1569405049085617
  ub_ci: 0.7692540068862537
