feasible_instance:
  lb_ci: 1.0
  max: 1.0
  mean: 1.0
  median: 1.0
  min: 1.0
  std: 0.0
  ub_ci: 1.0
inference_times:
  lb_ci: 10.229453757188347
  max: 10.49069881439209
  mean: 10.275097846984863
  median: 10.249685287475586
  min: 10.01152515411377
  std: 0.12755486369132996
  ub_ci: 10.32074193678138
total_profit:
  lb_ci: 1375.88356852082
  max: 1621.5006103515625
  mean: 1411.3485107421875
  median: 1425.8759765625
  min: 1228.1510009765625
  std: 99.10868835449219
  ub_ci: 1446.813452963555
total_violations:
  lb_ci: 0.08455479675790956
  max: 0.28371238708496094
  mean: 0.10727638006210327
  median: 0.09610414505004883
  min: 0.012743115425109863
  std: 0.06349668651819229
  ub_ci: 0.129997963366297
