inference_times:
  lb_ci: 11.820905053390108
  max: 16.736143112182617
  mean: 12.552505493164062
  median: 11.27874755859375
  min: 10.283989906311035
  std: 2.044496774673462
  ub_ci: 13.284105932938017
total_profit:
  lb_ci: 1190.5940175851113
  max: 1451.8125
  mean: 1218.306396484375
  median: 1201.353759765625
  min: 1055.6268310546875
  std: 77.44373321533203
  ub_ci: 1246.0187753836387
total_violations:
  lb_ci: 1.7178604488691722
  max: 1.9579005241394043
  mean: 1.756359338760376
  median: 1.7485342025756836
  min: 1.5501348972320557
  std: 0.10758721828460693
  ub_ci: 1.7948582286515797
