feasible_instance:
  lb_ci: 0.0
  max: 0.0
  mean: 0.0
  median: 0.0
  min: 0.0
  std: 0.0
  ub_ci: 0.0
inference_times:
  lb_ci: 13.856022446991851
  max: 20.150157928466797
  mean: 15.024171829223633
  median: 12.530049324035645
  min: 10.876594543457031
  std: 3.264456272125244
  ub_ci: 16.192321211455415
total_profit:
  lb_ci: 1215.960340948389
  max: 1488.73876953125
  mean: 1251.0352783203125
  median: 1238.501708984375
  min: 1072.1619873046875
  std: 98.018798828125
  ub_ci: 1286.110215692236
total_violations:
  lb_ci: 1.0717773124618286
  max: 2.5430731773376465
  mean: 1.181625247001648
  median: 1.1496833562850952
  min: 0.7634971737861633
  std: 0.30697596073150635
  ub_ci: 1.2914731815414673
