inference_times:
  lb_ci: 11.66637326023858
  max: 14.803236961364746
  mean: 12.352677345275879
  median: 10.826294898986816
  min: 10.192935943603516
  std: 1.9179136753082275
  ub_ci: 13.038981430313179
total_profit:
  lb_ci: 1215.960340948389
  max: 1488.73876953125
  mean: 1251.0352783203125
  median: 1238.501708984375
  min: 1072.1619873046875
  std: 98.018798828125
  ub_ci: 1286.110215692236
total_violations:
  lb_ci: 1.6917420232532578
  max: 2.9802091121673584
  mean: 1.788925051689148
  median: 1.755418300628662
  min: 1.467628002166748
  std: 0.2715831995010376
  ub_ci: 1.886108080125038
