feasible_instance:
  lb_ci: 0.07939711588561929
  max: 1.0
  mean: 0.23333334922790527
  median: 0.0
  min: 0.0
  std: 0.430183082818985
  ub_ci: 0.3872695825701913
inference_times:
  lb_ci: 10.797697926901714
  max: 11.597864151000977
  mean: 10.875089645385742
  median: 10.839052200317383
  min: 10.575380325317383
  std: 0.21627531945705414
  ub_ci: 10.95248136386977
total_profit:
  lb_ci: 1190.5940175851113
  max: 1451.8125
  mean: 1218.306396484375
  median: 1201.353759765625
  min: 1055.6268310546875
  std: 77.44373321533203
  ub_ci: 1246.0187753836387
total_violations:
  lb_ci: 0.025344702765682528
  max: 0.15863782167434692
  mean: 0.03871692717075348
  median: 0.03388619422912598
  min: 0.0
  std: 0.03736940026283264
  ub_ci: 0.05208915157582443
