feasible_instance:
  lb_ci: 0.0
  max: 0.0
  mean: 0.0
  median: 0.0
  min: 0.0
  std: 0.0
  ub_ci: 0.0
inference_times:
  lb_ci: 10.647921150231758
  max: 14.931471824645996
  mean: 11.45109748840332
  median: 9.984331130981445
  min: 8.667980194091797
  std: 2.2445194721221924
  ub_ci: 12.254273826574883
total_profit:
  lb_ci: 1019.1646753518264
  max: 1338.8875732421875
  mean: 1060.173583984375
  median: 1054.59033203125
  min: 801.1290893554688
  std: 114.60160064697266
  ub_ci: 1101.1824926169236
total_violations:
  lb_ci: 29.1983663625425
  max: 85.82242584228516
  mean: 36.66835403442383
  median: 31.9797306060791
  min: 10.907876968383789
  std: 20.875282287597656
  ub_ci: 44.138341706305155
