feasible_instance:
  lb_ci: 1.0
  max: 1.0
  mean: 1.0
  median: 1.0
  min: 1.0
  std: 0.0
  ub_ci: 1.0
inference_times:
  lb_ci: 13.652095332503112
  max: 20.28338050842285
  mean: 14.911382675170898
  median: 12.989062309265137
  min: 10.382378578186035
  std: 3.519146203994751
  ub_ci: 16.170670017838685
total_profit:
  lb_ci: 1289.7751325874456
  max: 1594.2073974609375
  mean: 1321.9014892578125
  median: 1309.06982421875
  min: 1120.431884765625
  std: 89.7788314819336
  ub_ci: 1354.0278459281794
total_violations:
  lb_ci: 0.7030033480451346
  max: 0.958686113357544
  mean: 0.7408519983291626
  median: 0.7403583526611328
  min: 0.5334022641181946
  std: 0.10577008873224258
  ub_ci: 0.7787006486131905
