inference_times:
  lb_ci: 11.374000557450714
  max: 14.855730056762695
  mean: 12.183019638061523
  median: 10.257819175720215
  min: 9.734443664550781
  std: 2.260847330093384
  ub_ci: 12.992038718672333
total_profit:
  lb_ci: 1297.9876328873845
  max: 1530.510986328125
  mean: 1331.5802001953125
  median: 1317.056640625
  min: 1185.9478759765625
  std: 93.87623596191406
  ub_ci: 1365.1727675032405
total_violations:
  lb_ci: 0.7849484068611748
  max: 1.2315006256103516
  mean: 0.8441739678382874
  median: 0.8151881694793701
  min: 0.5101416110992432
  std: 0.16550901532173157
  ub_ci: 0.9033995288153999
