feasible_instance:
  lb_ci: 1.0
  max: 1.0
  mean: 1.0
  median: 1.0
  min: 1.0
  std: 0.0
  ub_ci: 1.0
inference_times:
  lb_ci: 12.007820498725266
  max: 18.645984649658203
  mean: 13.118950843811035
  median: 11.422139167785645
  min: 9.70437240600586
  std: 3.1051135063171387
  ub_ci: 14.230081188896804
total_profit:
  lb_ci: 1452.777907815941
  max: 1741.431396484375
  mean: 1494.2161865234375
  median: 1478.2528076171875
  min: 1266.0064697265625
  std: 115.80149841308594
  ub_ci: 1535.654465230934
total_violations:
  lb_ci: 2.1894649535961598e-05
  max: 5.435943603515625e-05
  mean: 2.567370938777458e-05
  median: 2.4318695068359375e-05
  min: 6.198883056640625e-06
  std: 1.0560785995039623e-05
  ub_ci: 2.945276923958756e-05
