feasible_instance:
  lb_ci: 1.0
  max: 1.0
  mean: 1.0
  median: 1.0
  min: 1.0
  std: 0.0
  ub_ci: 1.0
inference_times:
  lb_ci: 13.496163304968961
  max: 18.476072311401367
  mean: 14.509788513183594
  median: 12.260015487670898
  min: 10.884635925292969
  std: 2.832630157470703
  ub_ci: 15.523413721398226
total_profit:
  lb_ci: 1267.4842421076721
  max: 1590.7252197265625
  mean: 1318.10009765625
  median: 1291.962890625
  min: 1084.39892578125
  std: 141.44873046875
  ub_ci: 1368.7159532048279
total_violations:
  lb_ci: 0.5626323838815963
  max: 0.9370548129081726
  mean: 0.6180912256240845
  median: 0.6091946959495544
  min: 0.1894286870956421
  std: 0.15498271584510803
  ub_ci: 0.6735500673665726
