feasible_instance:
  lb_ci: 1.0
  max: 1.0
  mean: 1.0
  median: 1.0
  min: 1.0
  std: 0.0
  ub_ci: 1.0
inference_times:
  lb_ci: 14.930619217605706
  max: 27.621017456054688
  mean: 16.452648162841797
  median: 14.473329544067383
  min: 11.145705223083496
  std: 4.253391742706299
  ub_ci: 17.974677108077888
total_profit:
  lb_ci: 1244.7745897375898
  max: 1445.029296875
  mean: 1278.441650390625
  median: 1279.232177734375
  min: 1077.96435546875
  std: 94.08441162109375
  ub_ci: 1312.1087110436602
total_violations:
  lb_ci: 0.4906752804055197
  max: 0.7266057729721069
  mean: 0.529785692691803
  median: 0.5287432670593262
  min: 0.28546273708343506
  std: 0.10929615050554276
  ub_ci: 0.5688961049780862
